RAW Data export file (tab separated)


Client:	Test,Data
Session:	Testdata
Date:	22-01-2016
Time:	11:07:59
Duration:	124	Seconds.
Output rate:	32	Samples/sec.

Samples	32 SPS	
TIME	Sensor-13:SC/GSR	Events	


0	16.949		
1	16.570		
2	16.558		
3	16.563		
4	16.553		
5	16.554		
6	16.546		
7	16.547		
8	16.541		
9	16.534		
10	16.539		
11	16.527		
12	16.532		
13	16.521		
14	16.524		
15	16.518		
16	16.516		
17	16.514		
18	16.508		
19	16.512		
20	16.503		
21	16.508		
22	16.502		
23	16.506		
24	16.508		
25	16.505		
26	16.518		
27	16.515		
28	16.528		
29	16.533		
30	16.552	58	
31	16.563		
32	16.575		
33	16.598		
34	16.609		
35	16.636		
36	16.653		
37	16.682		
38	16.701		
39	16.730		
40	16.758		
41	16.777		
42	16.812		
43	16.833		
44	16.863		
45	16.885		
46	16.915		
47	16.933		
48	16.955		
49	16.985		
50	16.998		
51	17.025		
52	17.037		
53	17.061		
54	17.072		
55	17.089		
56	17.106		
57	17.114		
58	17.137		
59	17.138		
60	17.157		
61	17.158		
62	17.169		
63	17.174		
64	17.172		
65	17.186		
66	17.180		
67	17.191		
68	17.184		
69	17.189		
70	17.187		
71	17.190		
72	17.192		
73	17.177		
74	17.187		
75	17.176		
76	17.178		
77	17.167	59	
78	17.173		
79	17.165		
80	17.161		
81	17.165		
82	17.150		
83	17.154		
84	17.144		
85	17.146		
86	17.138		
87	17.142		
88	17.141		
89	17.132		
90	17.140		
91	17.134		
92	17.139		
93	17.135		
94	17.143		
95	17.143		
96	17.140		
97	17.155		
98	17.149		
99	17.161		
100	17.158		
101	17.165		
102	17.165		
103	17.166		
104	17.173		
105	17.169		
106	17.179		
107	17.171		
108	17.177		
109	17.171		
110	17.177		
111	17.175		
112	17.168		
113	17.176	60	
114	17.164		
115	17.170		
116	17.164		
117	17.163		
118	17.153		
119	17.151		
120	17.149		
121	17.134		
122	17.138		
123	17.122		
124	17.124		
125	17.112		
126	17.113		
127	17.103		
128	17.089		
129	17.091		
130	17.073		
131	17.073		
132	17.060		
133	17.056		
134	17.043		
135	17.037		
136	17.034		
137	17.016		
138	17.014		
139	16.998		
140	16.993		
141	16.979	61	
142	16.976		
143	16.963		
144	16.947		
145	16.945		
146	16.930		
147	16.927		
148	16.911		
149	16.905		
150	16.891		
151	16.889		
152	16.884		
153	16.863		
154	16.864		
155	16.847		
156	16.848		
157	16.831		
158	16.828		
159	16.816		
160	16.803		
161	16.803		
162	16.788		
163	16.786		
164	16.771		
165	16.772		
166	16.758		
167	16.756		
168	16.749	62	
169	16.737		
170	16.737		
171	16.723		
172	16.723		
173	16.711		
174	16.709		
175	16.701		
176	16.691		
177	16.692		
178	16.678		
179	16.678		
180	16.668		
181	16.667		
182	16.657		
183	16.654		
184	16.652		
185	16.639		
186	16.644		
187	16.632		
188	16.634		
189	16.622		
190	16.624		
191	16.617	63	
192	16.610		
193	16.612		
194	16.599		
195	16.605		
196	16.593		
197	16.594		
198	16.585		
199	16.581		
200	16.583		
201	16.572		
202	16.576		
203	16.563		
204	16.568		
205	16.559		
206	16.557		
207	16.554		
208	16.548		
209	16.551		
210	16.540		
211	16.545		
212	16.535		
213	16.536		
214	16.528		
215	16.530		
216	16.528		
217	16.519		
218	16.524		
219	16.514		
220	16.516		
221	16.509		
222	16.511		
223	16.506		
224	16.498		
225	16.505		
226	16.494		
227	16.499		
228	16.490	64	
229	16.491		
230	16.485		
231	16.484		
232	16.487		
233	16.476		
234	16.480		
235	16.474		
236	16.477		
237	16.468		
238	16.471		
239	16.468		
240	16.462		
241	16.465		
242	16.456		
243	16.460		
244	16.451		
245	16.455		
246	16.449		
247	16.446		
248	16.450		
249	16.439		
250	16.443		
251	16.434		
252	16.439		
253	16.431		
254	16.433		
255	16.428		
256	16.424		
257	16.428	65	
258	16.419		
259	16.421		
260	16.413		
261	16.418		
262	16.411		
263	16.408		
264	16.411		
265	16.399		
266	16.406		
267	16.394		
268	16.400		
269	16.390		
270	16.393		
271	16.391		
272	16.385		
273	16.390		
274	16.381		
275	16.385		
276	16.378		
277	16.378		
278	16.374		
279	16.371		
280	16.374		
281	16.365		
282	16.370	66	
283	16.360		
284	16.365		
285	16.358		
286	16.359		
287	16.358		
288	16.350		
289	16.355		
290	16.347		
291	16.351		
292	16.346		
293	16.347		
294	16.342		
295	16.341		
296	16.345		
297	16.335		
298	16.339		
299	16.332		
300	16.338		
301	16.329		
302	16.334	67	
303	16.333		
304	16.328		
305	16.336		
306	16.330		
307	16.338		
308	16.334		
309	16.342		
310	16.341		
311	16.347		
312	16.358		
313	16.357		
314	16.371		
315	16.374		
316	16.388		
317	16.392		
318	16.403		
319	16.417		
320	16.426		
321	16.443		
322	16.447		
323	16.464		
324	16.473		
325	16.488		
326	16.496		
327	16.509		
328	16.527		
329	16.529		
330	16.548		
331	16.551		
332	16.568		
333	16.572		
334	16.586		
335	16.594		
336	16.597		
337	16.609	68	
338	16.611		
339	16.622		
340	16.622		
341	16.629		
342	16.632		
343	16.634		
344	16.642		
345	16.638		
346	16.644		
347	16.642		
348	16.647		
349	16.642		
350	16.647		
351	16.645		
352	16.642		
353	16.650		
354	16.639		
355	16.645		
356	16.637		
357	16.639		
358	16.635		
359	16.630		
360	16.634		
361	16.622		
362	16.626		
363	16.617		
364	16.617		
365	16.609		
366	16.609		
367	16.605	69	
368	16.593		
369	16.598		
370	16.584		
371	16.587		
372	16.578		
373	16.578		
374	16.569		
375	16.563		
376	16.565		
377	16.552		
378	16.552		
379	16.542		
380	16.542		
381	16.532		
382	16.532		
383	16.527		
384	16.516		
385	16.520		
386	16.508		
387	16.509		
388	16.500		
389	16.501		
390	16.492		
391	16.488		
392	16.489		
393	16.476		
394	16.480		
395	16.469		
396	16.471		
397	16.461		
398	16.459		
399	16.455		
400	16.447		
401	16.454	70	
402	16.439		
403	16.443		
404	16.434		
405	16.433		
406	16.426		
407	16.425		
408	16.427		
409	16.412		
410	16.419		
411	16.410		
412	16.410		
413	16.402		
414	16.403		
415	16.399		
416	16.391		
417	16.395		
418	16.385		
419	16.389		
420	16.381		
421	16.385		
422	16.379		
423	16.379		
424	16.383		
425	16.377		
426	16.385		
427	16.383		
428	16.391		
429	16.389		
430	16.403		
431	16.410		
432	16.414		
433	16.433		
434	16.438		
435	16.457		
436	16.466	71	
437	16.482		
438	16.497		
439	16.512		
440	16.535		
441	16.542		
442	16.571		
443	16.582		
444	16.606		
445	16.617		
446	16.638		
447	16.654		
448	16.664		
449	16.687		
450	16.693		
451	16.714		
452	16.719		
453	16.737		
454	16.744		
455	16.752		
456	16.766		
457	16.765		
458	16.781		
459	16.782		
460	16.792		
461	16.792		
462	16.800		
463	16.805		
464	16.802		
465	16.812		
466	16.806		
467	16.814	72	
468	16.808		
469	16.812		
470	16.810		
471	16.809		
472	16.810		
473	16.801		
474	16.805		
475	16.795		
476	16.797		
477	16.788		
478	16.790		
479	16.786		
480	16.776		
481	16.774		
482	16.761		
483	16.764		
484	16.752		
485	16.750		
486	16.738		
487	16.730		
488	16.731		
489	16.715		
490	16.715		
491	16.700		
492	16.697		
493	16.686		
494	16.680		
495	16.672		
496	16.660		
497	16.658		
498	16.646		
499	16.642		
500	16.632		
501	16.630	73	
502	16.622		
503	16.614		
504	16.617		
505	16.603		
506	16.607		
507	16.595		
508	16.597		
509	16.590		
510	16.590		
511	16.588		
512	16.580		
513	16.586		
514	16.578		
515	16.578		
516	16.572		
517	16.574		
518	16.568		
519	16.567		
520	16.566		
521	16.558		
522	16.564		
523	16.557		
524	16.559		
525	16.551		
526	16.555		
527	16.553		
528	16.548		
529	16.553		
530	16.544		
531	16.550		
532	16.548		
533	16.549		
534	16.547		
535	16.549		
536	16.554		
537	16.547		
538	16.557		
539	16.552		
540	16.557		
541	16.558	74	
542	16.564		
543	16.566		
544	16.564		
545	16.575		
546	16.569		
547	16.580		
548	16.575		
549	16.580		
550	16.578		
551	16.581		
552	16.588		
553	16.580		
554	16.588		
555	16.583		
556	16.587		
557	16.584		
558	16.585		
559	16.587		
560	16.578		
561	16.586		
562	16.577		
563	16.580		
564	16.575		
565	16.574		
566	16.572		
567	16.568		
568	16.571		
569	16.562		
570	16.566		
571	16.555		
572	16.559		
573	16.548	75	
574	16.549		
575	16.548		
576	16.538		
577	16.542		
578	16.530		
579	16.532		
580	16.521		
581	16.524		
582	16.515		
583	16.510		
584	16.513		
585	16.500		
586	16.504		
587	16.493		
588	16.493		
589	16.483		
590	16.482		
591	16.476		
592	16.467		
593	16.469		
594	16.457		
595	16.459		
596	16.452		
597	16.450		
598	16.443		
599	16.436		
600	16.439		
601	16.425		
602	16.428		
603	16.418		
604	16.420	76	
605	16.412		
606	16.410		
607	16.408		
608	16.397		
609	16.403		
610	16.391		
611	16.397		
612	16.389		
613	16.394		
614	16.390		
615	16.389		
616	16.397		
617	16.390		
618	16.403		
619	16.399		
620	16.408		
621	16.409		
622	16.420		
623	16.427		
624	16.428		
625	16.445		
626	16.445		
627	16.459		
628	16.465		
629	16.478		
630	16.485		
631	16.493		
632	16.506		
633	16.510		
634	16.528		
635	16.529		
636	16.547		
637	16.551		
638	16.564		
639	16.575		
640	16.581		
641	16.600		
642	16.602		
643	16.618	77	
644	16.621		
645	16.634		
646	16.639		
647	16.646		
648	16.659		
649	16.657		
650	16.673		
651	16.673		
652	16.685		
653	16.686		
654	16.695		
655	16.698		
656	16.698		
657	16.709		
658	16.704		
659	16.713		
660	16.712		
661	16.713		
662	16.714		
663	16.711		
664	16.717		
665	16.707		
666	16.714		
667	16.703		
668	16.708		
669	16.699		
670	16.698		
671	16.696		
672	16.688		
673	16.693		
674	16.680		
675	16.683		
676	16.673		
677	16.674		
678	16.668		
679	16.664		
680	16.664		
681	16.654		
682	16.660	78	
683	16.651		
684	16.656		
685	16.649		
686	16.650		
687	16.651		
688	16.646		
689	16.652		
690	16.646		
691	16.653		
692	16.649		
693	16.656		
694	16.651		
695	16.649		
696	16.656		
697	16.650		
698	16.658		
699	16.655		
700	16.658		
701	16.656		
702	16.657		
703	16.658		
704	16.653		
705	16.656		
706	16.649		
707	16.654		
708	16.647	79	
709	16.650		
710	16.646		
711	16.644		
712	16.647		
713	16.636		
714	16.640		
715	16.632		
716	16.636		
717	16.626		
718	16.625		
719	16.622		
720	16.613		
721	16.616		
722	16.605		
723	16.606		
724	16.595		
725	16.596		
726	16.589		
727	16.582		
728	16.583		
729	16.569		
730	16.573		
731	16.563		
732	16.562		
733	16.552		
734	16.550		
735	16.546		
736	16.538	80	
737	16.542		
738	16.528		
739	16.532		
740	16.523		
741	16.522		
742	16.517		
743	16.510		
744	16.513		
745	16.505		
746	16.510		
747	16.504		
748	16.505		
749	16.500		
750	16.503		
751	16.503		
752	16.497		
753	16.503		
754	16.498		
755	16.503		
756	16.499		
757	16.502		
758	16.500	81	
759	16.498		
760	16.505		
761	16.496		
762	16.502		
763	16.496		
764	16.502		
765	16.495		
766	16.497		
767	16.497		
768	16.489		
769	16.498		
770	16.486		
771	16.493		
772	16.486		
773	16.487		
774	16.486		
775	16.484		
776	16.486		
777	16.474		
778	16.483		
779	16.474		
780	16.476		
781	16.470		
782	16.470		
783	16.471		
784	16.464		
785	16.469	82	
786	16.457		
787	16.460		
788	16.454		
789	16.456		
790	16.449		
791	16.443		
792	16.449		
793	16.440		
794	16.444		
795	16.433		
796	16.436		
797	16.428		
798	16.429		
799	16.429		
800	16.420		
801	16.427		
802	16.420		
803	16.422		
804	16.418		
805	16.423		
806	16.420		
807	16.418		
808	16.428	83	
809	16.422		
810	16.430		
811	16.430		
812	16.437		
813	16.436		
814	16.440		
815	16.445		
816	16.445		
817	16.457		
818	16.451		
819	16.461		
820	16.458		
821	16.466		
822	16.469		
823	16.468		
824	16.477		
825	16.468		
826	16.479		
827	16.477		
828	16.482		
829	16.476		
830	16.480		
831	16.482		
832	16.474		
833	16.482		
834	16.474		
835	16.480		
836	16.474		
837	16.479		
838	16.474		
839	16.469		
840	16.473		
841	16.466		
842	16.470		
843	16.462		
844	16.465		
845	16.458	84	
846	16.459		
847	16.459		
848	16.445		
849	16.451		
850	16.444		
851	16.446		
852	16.440		
853	16.437		
854	16.433		
855	16.429		
856	16.432		
857	16.421		
858	16.424		
859	16.417		
860	16.419		
861	16.411		
862	16.411		
863	16.408		
864	16.400		
865	16.405		
866	16.392		
867	16.393		
868	16.384		
869	16.387		
870	16.384		
871	16.376		
872	16.381		
873	16.367		
874	16.372		
875	16.364		
876	16.366		
877	16.357		
878	16.357		
879	16.358		
880	16.346		
881	16.349		
882	16.341		
883	16.344		
884	16.335		
885	16.337		
886	16.330		
887	16.325		
888	16.328		
889	16.316		
890	16.321		
891	16.311		
892	16.314		
893	16.305		
894	16.306		
895	16.308		
896	16.294		
897	16.298		
898	16.291		
899	16.293		
900	16.287		
901	16.288		
902	16.283		
903	16.280		
904	16.288		
905	16.279		
906	16.284		
907	16.279	85	
908	16.288		
909	16.286		
910	16.292		
911	16.300		
912	16.301		
913	16.316		
914	16.316		
915	16.330		
916	16.338		
917	16.354		
918	16.364		
919	16.376		
920	16.394		
921	16.398		
922	16.422		
923	16.427		
924	16.448		
925	16.457		
926	16.474		
927	16.487		
928	16.493		
929	16.514		
930	16.517		
931	16.536		
932	16.537		
933	16.556		
934	16.563		
935	16.568		
936	16.582		
937	16.584		
938	16.595		
939	16.596		
940	16.607		
941	16.607		
942	16.614	86	
943	16.623		
944	16.616		
945	16.626		
946	16.624		
947	16.631		
948	16.626		
949	16.631		
950	16.630		
951	16.626		
952	16.634		
953	16.622		
954	16.628		
955	16.621		
956	16.625		
957	16.618		
958	16.614		
959	16.615		
960	16.605		
961	16.609		
962	16.598		
963	16.598		
964	16.587		
965	16.587		
966	16.583		
967	16.573		
968	16.574		
969	16.559		
970	16.565		
971	16.552		
972	16.551		
973	16.542		
974	16.537		
975	16.535		
976	16.523		
977	16.526		
978	16.515		
979	16.511		
980	16.502		
981	16.502		
982	16.495		
983	16.484		
984	16.488		
985	16.475		
986	16.474		
987	16.464		
988	16.464	87	
989	16.453		
990	16.449		
991	16.449		
992	16.437		
993	16.439		
994	16.426		
995	16.429		
996	16.417		
997	16.417		
998	16.410		
999	16.402		
1000	16.407		
1001	16.394		
1002	16.396		
1003	16.386		
1004	16.385		
1005	16.379		
1006	16.373		
1007	16.374		
1008	16.361		
1009	16.365		
1010	16.354		
1011	16.356		
1012	16.348		
1013	16.346		
1014	16.347		
1015	16.334		
1016	16.339		
1017	16.329		
1018	16.331		
1019	16.322		
1020	16.323		
1021	16.317		
1022	16.311		
1023	16.314	88	
1024	16.301		
1025	16.304		
1026	16.296		
1027	16.299		
1028	16.293		
1029	16.290		
1030	16.287		
1031	16.281		
1032	16.285		
1033	16.277		
1034	16.279		
1035	16.272		
1036	16.274		
1037	16.270		
1038	16.264		
1039	16.270		
1040	16.258		
1041	16.265		
1042	16.254		
1043	16.257		
1044	16.251		
1045	16.251		
1046	16.251		
1047	16.244		
1048	16.248		
1049	16.238		
1050	16.241		
1051	16.235		
1052	16.237		
1053	16.232		
1054	16.229		
1055	16.232		
1056	16.225		
1057	16.230		
1058	16.221	89	
1059	16.227		
1060	16.223		
1061	16.225		
1062	16.229		
1063	16.225		
1064	16.235		
1065	16.233		
1066	16.245		
1067	16.247		
1068	16.259		
1069	16.266		
1070	16.275		
1071	16.292		
1072	16.293		
1073	16.316		
1074	16.326		
1075	16.346		
1076	16.361		
1077	16.377		
1078	16.397		
1079	16.409		
1080	16.435		
1081	16.446		
1082	16.467		
1083	16.484		
1084	16.500		
1085	16.519		
1086	16.526		
1087	16.551		
1088	16.554	90	
1089	16.577		
1090	16.582		
1091	16.602		
1092	16.607		
1093	16.618		
1094	16.630		
1095	16.630		
1096	16.646		
1097	16.647		
1098	16.659		
1099	16.661		
1100	16.666		
1101	16.671		
1102	16.670		
1103	16.683		
1104	16.677		
1105	16.685		
1106	16.679		
1107	16.685		
1108	16.683		
1109	16.684		
1110	16.690		
1111	16.677		
1112	16.682		
1113	16.673		
1114	16.674		
1115	16.667		
1116	16.664		
1117	16.661		
1118	16.653		
1119	16.654		
1120	16.641		
1121	16.641		
1122	16.628		
1123	16.629		
1124	16.617		
1125	16.611		
1126	16.609		
1127	16.595		
1128	16.595		
1129	16.580		
1130	16.580		
1131	16.567		
1132	16.563		
1133	16.557	91	
1134	16.544		
1135	16.544		
1136	16.530		
1137	16.528		
1138	16.518		
1139	16.514		
1140	16.502		
1141	16.493		
1142	16.494		
1143	16.478		
1144	16.480		
1145	16.466		
1146	16.467		
1147	16.454		
1148	16.451		
1149	16.447		
1150	16.435		
1151	16.437		
1152	16.425		
1153	16.424		
1154	16.412		
1155	16.412		
1156	16.406		
1157	16.397		
1158	16.401		
1159	16.386		
1160	16.390		
1161	16.379		
1162	16.385		
1163	16.376	92	
1164	16.374		
1165	16.375		
1166	16.365		
1167	16.371		
1168	16.363		
1169	16.365		
1170	16.357		
1171	16.360		
1172	16.358		
1173	16.351		
1174	16.357		
1175	16.347		
1176	16.352		
1177	16.343		
1178	16.346		
1179	16.340		
1180	16.341		
1181	16.342		
1182	16.334		
1183	16.337		
1184	16.331		
1185	16.336		
1186	16.329		
1187	16.330		
1188	16.325		
1189	16.320		
1190	16.325		
1191	16.316		
1192	16.320		
1193	16.313		
1194	16.316		
1195	16.309	93	
1196	16.308		
1197	16.308		
1198	16.299		
1199	16.306		
1200	16.295		
1201	16.297		
1202	16.289		
1203	16.294		
1204	16.290		
1205	16.281		
1206	16.287		
1207	16.278		
1208	16.286		
1209	16.276		
1210	16.280		
1211	16.275		
1212	16.275		
1213	16.280		
1214	16.269		
1215	16.276		
1216	16.270		
1217	16.271		
1218	16.265		
1219	16.271		
1220	16.270		
1221	16.262		
1222	16.269		
1223	16.259		
1224	16.264		
1225	16.257		
1226	16.264		
1227	16.257		
1228	16.256		
1229	16.260		
1230	16.248		
1231	16.256	94	
1232	16.250		
1233	16.253		
1234	16.245		
1235	16.245		
1236	16.247		
1237	16.237		
1238	16.245		
1239	16.238		
1240	16.238		
1241	16.231		
1242	16.236		
1243	16.231		
1244	16.228		
1245	16.230		
1246	16.220		
1247	16.227		
1248	16.220		
1249	16.222		
1250	16.216		
1251	16.220		
1252	16.222		
1253	16.215		
1254	16.228		
1255	16.225		
1256	16.238		
1257	16.244		
1258	16.262		
1259	16.273		
1260	16.291		
1261	16.318	95	
1262	16.334		
1263	16.367		
1264	16.391		
1265	16.429		
1266	16.457		
1267	16.496		
1268	16.536		
1269	16.566		
1270	16.613		
1271	16.645		
1272	16.693		
1273	16.728		
1274	16.771		
1275	16.809		
1276	16.844		
1277	16.886		
1278	16.914		
1279	16.955		
1280	16.984		
1281	17.019		
1282	17.045		
1283	17.076		
1284	17.106		
1285	17.122		
1286	17.157		
1287	17.169		
1288	17.194		
1289	17.207		
1290	17.226	96	
1291	17.242		
1292	17.251		
1293	17.272		
1294	17.272		
1295	17.292		
1296	17.290		
1297	17.299		
1298	17.299		
1299	17.300		
1300	17.308		
1301	17.299		
1302	17.306		
1303	17.297		
1304	17.300		
1305	17.293		
1306	17.293		
1307	17.287		
1308	17.275		
1309	17.277		
1310	17.263		
1311	17.257		
1312	17.244		
1313	17.237		
1314	17.223		
1315	17.210		
1316	17.202		
1317	17.182		
1318	17.174		
1319	17.154		
1320	17.145		
1321	17.121		
1322	17.111		
1323	17.095		
1324	17.077	97	
1325	17.071		
1326	17.050		
1327	17.045		
1328	17.026		
1329	17.017		
1330	17.002		
1331	16.991		
1332	16.990		
1333	16.973		
1334	16.972		
1335	16.961		
1336	16.961		
1337	16.949		
1338	16.949		
1339	16.949		
1340	16.938		
1341	16.948		
1342	16.936		
1343	16.942		
1344	16.937		
1345	16.939		
1346	16.936		
1347	16.933		
1348	16.940		
1349	16.927		
1350	16.939		
1351	16.927		
1352	16.935		
1353	16.925		
1354	16.925		
1355	16.923	98	
1356	16.915		
1357	16.922		
1358	16.908		
1359	16.909		
1360	16.902		
1361	16.903		
1362	16.894		
1363	16.886		
1364	16.888		
1365	16.876		
1366	16.878		
1367	16.864		
1368	16.865		
1369	16.854		
1370	16.847		
1371	16.847		
1372	16.831		
1373	16.832		
1374	16.819		
1375	16.819		
1376	16.808		
1377	16.802		
1378	16.794		
1379	16.783		
1380	16.781		
1381	16.766		
1382	16.766		
1383	16.752		
1384	16.746		
1385	16.735		
1386	16.728	99	
1387	16.724		
1388	16.709		
1389	16.707		
1390	16.693		
1391	16.690		
1392	16.675		
1393	16.669		
1394	16.661		
1395	16.649		
1396	16.651		
1397	16.632		
1398	16.629		
1399	16.618		
1400	16.611		
1401	16.603		
1402	16.595		
1403	16.593		
1404	16.575		
1405	16.578		
1406	16.565		
1407	16.562		
1408	16.549		
1409	16.546		
1410	16.542	100	
1411	16.527		
1412	16.528		
1413	16.517		
1414	16.516		
1415	16.504		
1416	16.502		
1417	16.492		
1418	16.485		
1419	16.485		
1420	16.473		
1421	16.473		
1422	16.465		
1423	16.464		
1424	16.454		
1425	16.450		
1426	16.447		
1427	16.432		
1428	16.436		
1429	16.424		
1430	16.427		
1431	16.416		
1432	16.416		
1433	16.408		
1434	16.402		
1435	16.406		
1436	16.393		
1437	16.395		
1438	16.387		
1439	16.387		
1440	16.380		
1441	16.377		
1442	16.376	101	
1443	16.366		
1444	16.371		
1445	16.359		
1446	16.360		
1447	16.353		
1448	16.352		
1449	16.349		
1450	16.342		
1451	16.344		
1452	16.334		
1453	16.339		
1454	16.330		
1455	16.333		
1456	16.322		
1457	16.323		
1458	16.322		
1459	16.310		
1460	16.315		
1461	16.307		
1462	16.308		
1463	16.302		
1464	16.303		
1465	16.299		
1466	16.293		
1467	16.299		
1468	16.286		
1469	16.289		
1470	16.284		
1471	16.285		
1472	16.278		
1473	16.278		
1474	16.280		
1475	16.268		
1476	16.276		
1477	16.265		
1478	16.269		
1479	16.261		
1480	16.262		
1481	16.260	102	
1482	16.253		
1483	16.258		
1484	16.249		
1485	16.254		
1486	16.245		
1487	16.249		
1488	16.242		
1489	16.240		
1490	16.243		
1491	16.235		
1492	16.238		
1493	16.230		
1494	16.234		
1495	16.226		
1496	16.227		
1497	16.225		
1498	16.220		
1499	16.226		
1500	16.217		
1501	16.220		
1502	16.213		
1503	16.217		
1504	16.214		
1505	16.212		
1506	16.222		
1507	16.215		
1508	16.225		
1509	16.222		
1510	16.231		
1511	16.232		
1512	16.243		
1513	16.253	103	
1514	16.255		
1515	16.275		
1516	16.281		
1517	16.298		
1518	16.308		
1519	16.325		
1520	16.341		
1521	16.355		
1522	16.380		
1523	16.391		
1524	16.417		
1525	16.430		
1526	16.453		
1527	16.466		
1528	16.486		
1529	16.506		
1530	16.517		
1531	16.539		
1532	16.548		
1533	16.570		
1534	16.578		
1535	16.593		
1536	16.605		
1537	16.612		
1538	16.632		
1539	16.631		
1540	16.647		
1541	16.650		
1542	16.663		
1543	16.666		
1544	16.671		
1545	16.681		
1546	16.679		
1547	16.694		
1548	16.688		
1549	16.696		
1550	16.695		
1551	16.699		
1552	16.700		
1553	16.694		
1554	16.704		
1555	16.695	104	
1556	16.699		
1557	16.689		
1558	16.691		
1559	16.689		
1560	16.682		
1561	16.685		
1562	16.673		
1563	16.676		
1564	16.664		
1565	16.662		
1566	16.655		
1567	16.654		
1568	16.646		
1569	16.634		
1570	16.637		
1571	16.622		
1572	16.624		
1573	16.610		
1574	16.606		
1575	16.600		
1576	16.590		
1577	16.593		
1578	16.574		
1579	16.576	105	
1580	16.562		
1581	16.563		
1582	16.550		
1583	16.547		
1584	16.540		
1585	16.529		
1586	16.531		
1587	16.516		
1588	16.516		
1589	16.505		
1590	16.504		
1591	16.497		
1592	16.488		
1593	16.488		
1594	16.473		
1595	16.474		
1596	16.463		
1597	16.463		
1598	16.451		
1599	16.447		
1600	16.443		
1601	16.434		
1602	16.436		
1603	16.424		
1604	16.422		
1605	16.414		
1606	16.412		
1607	16.406		
1608	16.397		
1609	16.401		
1610	16.386		
1611	16.389		
1612	16.379		
1613	16.377		
1614	16.370		
1615	16.368		
1616	16.366	106	
1617	16.356		
1618	16.360		
1619	16.346		
1620	16.349		
1621	16.340		
1622	16.339		
1623	16.333		
1624	16.328		
1625	16.331		
1626	16.319		
1627	16.320		
1628	16.313		
1629	16.314		
1630	16.307		
1631	16.304		
1632	16.302		
1633	16.291		
1634	16.297		
1635	16.288		
1636	16.290		
1637	16.279		
1638	16.282		
1639	16.279		
1640	16.269		
1641	16.274		
1642	16.262		
1643	16.266		
1644	16.262		
1645	16.262		
1646	16.254		
1647	16.252		
1648	16.255		
1649	16.243	107	
1650	16.246		
1651	16.240		
1652	16.244		
1653	16.237		
1654	16.238		
1655	16.236		
1656	16.229		
1657	16.234		
1658	16.225		
1659	16.230		
1660	16.222		
1661	16.227		
1662	16.222		
1663	16.223		
1664	16.229		
1665	16.221		
1666	16.235		
1667	16.233		
1668	16.242		
1669	16.244		
1670	16.255		
1671	16.267		
1672	16.273		
1673	16.292		
1674	16.301		
1675	16.320		
1676	16.330		
1677	16.354		
1678	16.368		
1679	16.387		
1680	16.411		
1681	16.423		
1682	16.452		
1683	16.466		
1684	16.490		
1685	16.506		
1686	16.529		
1687	16.549		
1688	16.562		
1689	16.584		
1690	16.593	108	
1691	16.616		
1692	16.628		
1693	16.647		
1694	16.657		
1695	16.669		
1696	16.686		
1697	16.690		
1698	16.709		
1699	16.711		
1700	16.724		
1701	16.725		
1702	16.733		
1703	16.742		
1704	16.739		
1705	16.752		
1706	16.748		
1707	16.758		
1708	16.752		
1709	16.759		
1710	16.759		
1711	16.752		
1712	16.762		
1713	16.752		
1714	16.758		
1715	16.750		
1716	16.756	109	
1717	16.750		
1718	16.749		
1719	16.749		
1720	16.737		
1721	16.743		
1722	16.732		
1723	16.734		
1724	16.724		
1725	16.724		
1726	16.723		
1727	16.712		
1728	16.713		
1729	16.701		
1730	16.702		
1731	16.694		
1732	16.692		
1733	16.681		
1734	16.675		
1735	16.676		
1736	16.659		
1737	16.661		
1738	16.646		
1739	16.647	110	
1740	16.636		
1741	16.633		
1742	16.625		
1743	16.612		
1744	16.614		
1745	16.599		
1746	16.598		
1747	16.585		
1748	16.583		
1749	16.575		
1750	16.567		
1751	16.564		
1752	16.549		
1753	16.550		
1754	16.537		
1755	16.537		
1756	16.529		
1757	16.524		
1758	16.519		
1759	16.507		
1760	16.511		
1761	16.498		
1762	16.497		
1763	16.487		
1764	16.491		
1765	16.483		
1766	16.479		
1767	16.480		
1768	16.469		
1769	16.475		
1770	16.467		
1771	16.472		
1772	16.466		
1773	16.466		
1774	16.470		
1775	16.462		
1776	16.472		
1777	16.466		
1778	16.475		
1779	16.473		
1780	16.481		
1781	16.483		
1782	16.485		
1783	16.497		
1784	16.496		
1785	16.510	111	
1786	16.512		
1787	16.527		
1788	16.529		
1789	16.540		
1790	16.553		
1791	16.556		
1792	16.574		
1793	16.576		
1794	16.595		
1795	16.603		
1796	16.619		
1797	16.631		
1798	16.643		
1799	16.666		
1800	16.674		
1801	16.698		
1802	16.707		
1803	16.730		
1804	16.745		
1805	16.762		
1806	16.786		
1807	16.795		
1808	16.823		
1809	16.832		
1810	16.857		
1811	16.866		
1812	16.890		
1813	16.904		
1814	16.912		
1815	16.938		
1816	16.939		
1817	16.958		
1818	16.965		
1819	16.981		
1820	16.986		
1821	16.995		
1822	17.008		
1823	17.010		
1824	17.022		
1825	17.021		
1826	17.032		
1827	17.032		
1828	17.037		
1829	17.039	112	
1830	17.037		
1831	17.046		
1832	17.035		
1833	17.040		
1834	17.032		
1835	17.034		
1836	17.027		
1837	17.025		
1838	17.027		
1839	17.012		
1840	17.014		
1841	17.001		
1842	17.001		
1843	16.991		
1844	16.987		
1845	16.980		
1846	16.962		
1847	16.966		
1848	16.947		
1849	16.946		
1850	16.931		
1851	16.924		
1852	16.914		
1853	16.902		
1854	16.898		
1855	16.878		
1856	16.877		
1857	16.859		
1858	16.855		
1859	16.841		
1860	16.835		
1861	16.825		
1862	16.808		
1863	16.808		
1864	16.792		
1865	16.787		
1866	16.771	113	
1867	16.767		
1868	16.756		
1869	16.743		
1870	16.739		
1871	16.722		
1872	16.721		
1873	16.704		
1874	16.701		
1875	16.687		
1876	16.681		
1877	16.676		
1878	16.659		
1879	16.659		
1880	16.643		
1881	16.641		
1882	16.628		
1883	16.625		
1884	16.617		
1885	16.603		
1886	16.605		
1887	16.588		
1888	16.590		
1889	16.575		
1890	16.575		
1891	16.561		
1892	16.559		
1893	16.555		
1894	16.538		
1895	16.542		
1896	16.527		
1897	16.531		
1898	16.522		
1899	16.516		
1900	16.510		
1901	16.502		
1902	16.503		
1903	16.489		
1904	16.490		
1905	16.480		
1906	16.482		
1907	16.470		
1908	16.468	114	
1909	16.469		
1910	16.454		
1911	16.459		
1912	16.448		
1913	16.449		
1914	16.439		
1915	16.440		
1916	16.436		
1917	16.423		
1918	16.431		
1919	16.417		
1920	16.421		
1921	16.410		
1922	16.413		
1923	16.407		
1924	16.402		
1925	16.403		
1926	16.392		
1927	16.396		
1928	16.386		
1929	16.388		
1930	16.380		
1931	16.382		
1932	16.378		
1933	16.370		
1934	16.374		
1935	16.364		
1936	16.365		
1937	16.358		
1938	16.358		
1939	16.351		
1940	16.351		
1941	16.353	115	
1942	16.341		
1943	16.345		
1944	16.335		
1945	16.340		
1946	16.331		
1947	16.332		
1948	16.329		
1949	16.322		
1950	16.328		
1951	16.319		
1952	16.320		
1953	16.314		
1954	16.315		
1955	16.311		
1956	16.308		
1957	16.308		
1958	16.300		
1959	16.305		
1960	16.297		
1961	16.298		
1962	16.293		
1963	16.292		
1964	16.294		
1965	16.283		
1966	16.293		
1967	16.285		
1968	16.288		
1969	16.286		
1970	16.291		
1971	16.291		
1972	16.292		
1973	16.304		
1974	16.300		
1975	16.313		
1976	16.315		
1977	16.330		
1978	16.337	116	
1979	16.350		
1980	16.365		
1981	16.371		
1982	16.395		
1983	16.402		
1984	16.425		
1985	16.436		
1986	16.458		
1987	16.476		
1988	16.490		
1989	16.516		
1990	16.523		
1991	16.551		
1992	16.561		
1993	16.582		
1994	16.597		
1995	16.613		
1996	16.634		
1997	16.639		
1998	16.664		
1999	16.669		
2000	16.686		
2001	16.693		
2002	16.707		
2003	16.713		
2004	16.717		
2005	16.734		
2006	16.732		
2007	16.744		
2008	16.744		
2009	16.751		
2010	16.751		
2011	16.754		
2012	16.763		
2013	16.755		
2014	16.764		
2015	16.760	117	
2016	16.764		
2017	16.756		
2018	16.761		
2019	16.756		
2020	16.748		
2021	16.754		
2022	16.742		
2023	16.747		
2024	16.737		
2025	16.736		
2026	16.728		
2027	16.725		
2028	16.722		
2029	16.708		
2030	16.715		
2031	16.704		
2032	16.708		
2033	16.698		
2034	16.700		
2035	16.701		
2036	16.697		
2037	16.705		
2038	16.700		
2039	16.708		
2040	16.709		
2041	16.718		
2042	16.720		
2043	16.727		
2044	16.738		
2045	16.739		
2046	16.759		
2047	16.760		
2048	16.774		
2049	16.782		
2050	16.791		
2051	16.801		
2052	16.804		
2053	16.821		
2054	16.822		
2055	16.834		
2056	16.835		
2057	16.847		
2058	16.854		
2059	16.856		
2060	16.868		
2061	16.864		
2062	16.875		
2063	16.871		
2064	16.880		
2065	16.877		
2066	16.879		
2067	16.885		
2068	16.876		
2069	16.886		
2070	16.879		
2071	16.883		
2072	16.875		
2073	16.877		
2074	16.873		
2075	16.869		
2076	16.871	118	
2077	16.859		
2078	16.860		
2079	16.851		
2080	16.848		
2081	16.838		
2082	16.835		
2083	16.829		
2084	16.814		
2085	16.815		
2086	16.803		
2087	16.801		
2088	16.787		
2089	16.781		
2090	16.771		
2091	16.762		
2092	16.759		
2093	16.743		
2094	16.741		
2095	16.726		
2096	16.723		
2097	16.710		
2098	16.699		
2099	16.697		
2100	16.680		
2101	16.679		
2102	16.663		
2103	16.661		
2104	16.647		
2105	16.645		
2106	16.634		
2107	16.622		
2108	16.625	119	
2109	16.608		
2110	16.606		
2111	16.596		
2112	16.595		
2113	16.582		
2114	16.578		
2115	16.576		
2116	16.562		
2117	16.565		
2118	16.553		
2119	16.554		
2120	16.544		
2121	16.546		
2122	16.541		
2123	16.533		
2124	16.541		
2125	16.532		
2126	16.539		
2127	16.531		
2128	16.535		
2129	16.534		
2130	16.536		
2131	16.542		
2132	16.537		
2133	16.547		
2134	16.543		
2135	16.554		
2136	16.553		
2137	16.561		
2138	16.563	120	
2139	16.565		
2140	16.577		
2141	16.575		
2142	16.587		
2143	16.586		
2144	16.600		
2145	16.603		
2146	16.612		
2147	16.626		
2148	16.629		
2149	16.646		
2150	16.654		
2151	16.668		
2152	16.677		
2153	16.693		
2154	16.711		
2155	16.718		
2156	16.742		
2157	16.749		
2158	16.772		
2159	16.780	121	
2160	16.800		
2161	16.811		
2162	16.824		
2163	16.845		
2164	16.850		
2165	16.869		
2166	16.875		
2167	16.890		
2168	16.897		
2169	16.908		
2170	16.920		
2171	16.922		
2172	16.935		
2173	16.936		
2174	16.948		
2175	16.948		
2176	16.952		
2177	16.953		
2178	16.951		
2179	16.961		
2180	16.950		
2181	16.958		
2182	16.952		
2183	16.952		
2184	16.948		
2185	16.945		
2186	16.943		
2187	16.933		
2188	16.938		
2189	16.925		
2190	16.926		
2191	16.916		
2192	16.915		
2193	16.906		
2194	16.896		
2195	16.899		
2196	16.881		
2197	16.883		
2198	16.869		
2199	16.866		
2200	16.854		
2201	16.849	122	
2202	16.844		
2203	16.826		
2204	16.826		
2205	16.809		
2206	16.806		
2207	16.793		
2208	16.790		
2209	16.780		
2210	16.766		
2211	16.760		
2212	16.744		
2213	16.746		
2214	16.729		
2215	16.725		
2216	16.712		
2217	16.708		
2218	16.703		
2219	16.686		
2220	16.685		
2221	16.670		
2222	16.666		
2223	16.650		
2224	16.650		
2225	16.641		
2226	16.626		
2227	16.629		
2228	16.614		
2229	16.615		
2230	16.600		
2231	16.602		
2232	16.590		
2233	16.586		
2234	16.584		
2235	16.568		
2236	16.570		
2237	16.556	123	
2238	16.559		
2239	16.549		
2240	16.548		
2241	16.541		
2242	16.533		
2243	16.536		
2244	16.523		
2245	16.525		
2246	16.514		
2247	16.516		
2248	16.508		
2249	16.500		
2250	16.499		
2251	16.492		
2252	16.496		
2253	16.483		
2254	16.485		
2255	16.476		
2256	16.476		
2257	16.473		
2258	16.465		
2259	16.466		
2260	16.454		
2261	16.461		
2262	16.452		
2263	16.450		
2264	16.445		
2265	16.438		
2266	16.441		
2267	16.431		
2268	16.432		
2269	16.423		
2270	16.423		
2271	16.417		
2272	16.419		
2273	16.413	124	
2274	16.404		
2275	16.411		
2276	16.399		
2277	16.404		
2278	16.395		
2279	16.394		
2280	16.390		
2281	16.386		
2282	16.390		
2283	16.379		
2284	16.383		
2285	16.377		
2286	16.377		
2287	16.369		
2288	16.370		
2289	16.368		
2290	16.357		
2291	16.365		
2292	16.354		
2293	16.357		
2294	16.350		
2295	16.351		
2296	16.344		
2297	16.340		
2298	16.346		
2299	16.335		
2300	16.340		
2301	16.332		
2302	16.334		
2303	16.328	125	
2304	16.329		
2305	16.328		
2306	16.318		
2307	16.323		
2308	16.315		
2309	16.319		
2310	16.313		
2311	16.315		
2312	16.309		
2313	16.302		
2314	16.312		
2315	16.300		
2316	16.304		
2317	16.297		
2318	16.301		
2319	16.297		
2320	16.298		
2321	16.295		
2322	16.289		
2323	16.295		
2324	16.288		
2325	16.289		
2326	16.283		
2327	16.287		
2328	16.284		
2329	16.279		
2330	16.283		
2331	16.274		
2332	16.280	126	
2333	16.272		
2334	16.275		
2335	16.269		
2336	16.271		
2337	16.274		
2338	16.265		
2339	16.272		
2340	16.265		
2341	16.275		
2342	16.273		
2343	16.277		
2344	16.279		
2345	16.278		
2346	16.293		
2347	16.292		
2348	16.309		
2349	16.315		
2350	16.331		
2351	16.342		
2352	16.363		
2353	16.382		
2354	16.393		
2355	16.424		
2356	16.440		
2357	16.471		
2358	16.491		
2359	16.521		
2360	16.549		
2361	16.574		
2362	16.611		
2363	16.631		
2364	16.668		
2365	16.693		
2366	16.727		
2367	16.753		
2368	16.783		
2369	16.815		
2370	16.836		
2371	16.872		
2372	16.892		
2373	16.923		
2374	16.943		
2375	16.972		
2376	16.989		
2377	17.009		
2378	17.036	127	
2379	17.045		
2380	17.071		
2381	17.083		
2382	17.104		
2383	17.111		
2384	17.125		
2385	17.143		
2386	17.145		
2387	17.163		
2388	17.164		
2389	17.180		
2390	17.183		
2391	17.197		
2392	17.208		
2393	17.216		
2394	17.239		
2395	17.242		
2396	17.265		
2397	17.276		
2398	17.300		
2399	17.312		
2400	17.335		
2401	17.357		
2402	17.371		
2403	17.400		
2404	17.413		
2405	17.443		
2406	17.459		
2407	17.485		
2408	17.506		
2409	17.522		
2410	17.555	128	
2411	17.571		
2412	17.602		
2413	17.616		
2414	17.644		
2415	17.659		
2416	17.681		
2417	17.707		
2418	17.713		
2419	17.739		
2420	17.749		
2421	17.768		
2422	17.773		
2423	17.792		
2424	17.797		
2425	17.797		
2426	17.813		
2427	17.806		
2428	17.816		
2429	17.813		
2430	17.821		
2431	17.814		
2432	17.817		
2433	17.820		
2434	17.808		
2435	17.812		
2436	17.801		
2437	17.803		
2438	17.788		
2439	17.784		
2440	17.774		
2441	17.759		
2442	17.758		
2443	17.738		
2444	17.730	129	
2445	17.710		
2446	17.705		
2447	17.705		
2448	17.775		
2449	17.796		
2450	17.797	255	
2451	17.767		
2452	17.687		
2453	17.668		
2454	17.649		
2455	17.645		
2456	17.636		
2457	17.610		
2458	17.595		
2459	17.554		
2460	17.545		
2461	17.519		
2462	17.508		
2463	17.489		
2464	17.478		
2465	17.471		
2466	17.449		
2467	17.445		
2468	17.430		
2469	17.421		
2470	17.407		
2471	17.400		
2472	17.390		
2473	17.371		
2474	17.367		
2475	17.346		
2476	17.344		
2477	17.326		
2478	17.321		
2479	17.304		
2480	17.296		
2481	17.286		
2482	17.265		
2483	17.263		
2484	17.246		
2485	17.238		
2486	17.221		
2487	17.213		
2488	17.204		
2489	17.181		
2490	17.181		
2491	17.162		
2492	17.156		
2493	17.140		
2494	17.136		
2495	17.120		
2496	17.109		
2497	17.108		
2498	17.095		
2499	17.106		
2500	17.105	130	
2501	17.127		
2502	17.143		
2503	17.177		
2504	17.215		
2505	17.256		
2506	17.318		
2507	17.371		
2508	17.452		
2509	17.518		
2510	17.606		
2511	17.688		
2512	17.774		
2513	17.870		
2514	17.945		
2515	18.042		
2516	18.120		
2517	18.208		
2518	18.290		
2519	18.378		
2520	18.462		
2521	18.532		
2522	18.620		
2523	18.683		
2524	18.762		
2525	18.824		
2526	18.899		
2527	18.964		
2528	19.026		
2529	19.091		
2530	19.135		
2531	19.196		
2532	19.238		
2533	19.293		
2534	19.340		
2535	19.388		
2536	19.441		
2537	19.474		
2538	19.530		
2539	19.551		
2540	19.599		
2541	19.625	131	
2542	19.665		
2543	19.692		
2544	19.715		
2545	19.750		
2546	19.767		
2547	19.810		
2548	19.833		
2549	19.865		
2550	19.883		
2551	19.907		
2552	19.928		
2553	19.936		
2554	19.963		
2555	19.965		
2556	19.990		
2557	19.999		
2558	20.018		
2559	20.028		
2560	20.041		
2561	20.065		
2562	20.062		
2563	20.084		
2564	20.084		
2565	20.107		
2566	20.117		
2567	20.132		
2568	20.150		
2569	20.148		
2570	20.174		
2571	20.179		
2572	20.193		
2573	20.191		
2574	20.206		
2575	20.215		
2576	20.218		
2577	20.232		
2578	20.219		
2579	20.235		
2580	20.224		
2581	20.226		
2582	20.218		
2583	20.211		
2584	20.211		
2585	20.185	132	
2586	20.193		
2587	20.174		
2588	20.169		
2589	20.155		
2590	20.149		
2591	20.131		
2592	20.112		
2593	20.112		
2594	20.085		
2595	20.077		
2596	20.048		
2597	20.029		
2598	20.001		
2599	19.983		
2600	19.962		
2601	19.924		
2602	19.915		
2603	19.877		
2604	19.857		
2605	19.823		
2606	19.804		
2607	19.770		
2608	19.738		
2609	19.720		
2610	19.679		
2611	19.658		
2612	19.622		
2613	19.600		
2614	19.561		
2615	19.535		
2616	19.513		
2617	19.471		
2618	19.455	133	
2619	19.413		
2620	19.396		
2621	19.358		
2622	19.334		
2623	19.303		
2624	19.265		
2625	19.248		
2626	19.209		
2627	19.191		
2628	19.155		
2629	19.132		
2630	19.105		
2631	19.083		
2632	19.061		
2633	19.023		
2634	19.012		
2635	18.976		
2636	18.962		
2637	18.930		
2638	18.908		
2639	18.883		
2640	18.856		
2641	18.845		
2642	18.812		
2643	18.799		
2644	18.772		
2645	18.758		
2646	18.731		
2647	18.716		
2648	18.696		
2649	18.670		
2650	18.658	134	
2651	18.634		
2652	18.619		
2653	18.595		
2654	18.583		
2655	18.566		
2656	18.541		
2657	18.532		
2658	18.502		
2659	18.492		
2660	18.474		
2661	18.463		
2662	18.441		
2663	18.429		
2664	18.419		
2665	18.398		
2666	18.400		
2667	18.380		
2668	18.381		
2669	18.368		
2670	18.366		
2671	18.361		
2672	18.354		
2673	18.363		
2674	18.354		
2675	18.364		
2676	18.360		
2677	18.371		
2678	18.373		
2679	18.383		
2680	18.394		
2681	18.393		
2682	18.417		
2683	18.419		
2684	18.442		
2685	18.448		
2686	18.468		
2687	18.483		
2688	18.497		
2689	18.524		
2690	18.533		
2691	18.560		
2692	18.570		
2693	18.597		
2694	18.608		
2695	18.627	135	
2696	18.653		
2697	18.655		
2698	18.682		
2699	18.691		
2700	18.713		
2701	18.715		
2702	18.735		
2703	18.742		
2704	18.747		
2705	18.767		
2706	18.764		
2707	18.779		
2708	18.774		
2709	18.785		
2710	18.781		
2711	18.788		
2712	18.792		
2713	18.780		
2714	18.792		
2715	18.779		
2716	18.783		
2717	18.774		
2718	18.776		
2719	18.770		
2720	18.763		
2721	18.765		
2722	18.746		
2723	18.751		
2724	18.734		
2725	18.732		
2726	18.713	136	
2727	18.711		
2728	18.701		
2729	18.678		
2730	18.680		
2731	18.658		
2732	18.653		
2733	18.633		
2734	18.623		
2735	18.608		
2736	18.592		
2737	18.584		
2738	18.559		
2739	18.552		
2740	18.531		
2741	18.523		
2742	18.500		
2743	18.487		
2744	18.472		
2745	18.450		
2746	18.445		
2747	18.420		
2748	18.409		
2749	18.384		
2750	18.378		
2751	18.357		
2752	18.340		
2753	18.332		
2754	18.305		
2755	18.298		
2756	18.273		
2757	18.266		
2758	18.247		
2759	18.234		
2760	18.221		
2761	18.199	137	
2762	18.194		
2763	18.173		
2764	18.164		
2765	18.141		
2766	18.133		
2767	18.117		
2768	18.101		
2769	18.100		
2770	18.073		
2771	18.070		
2772	18.050		
2773	18.045		
2774	18.028		
2775	18.017		
2776	18.008		
2777	17.983		
2778	17.985		
2779	17.965		
2780	17.961		
2781	17.941		
2782	17.938		
2783	17.923		
2784	17.909		
2785	17.911		
2786	17.892		
2787	17.889		
2788	17.873		
2789	17.869		
2790	17.854		
2791	17.848		
2792	17.839		
2793	17.825		
2794	17.826		
2795	17.808		
2796	17.807	138	
2797	17.795		
2798	17.795		
2799	17.787		
2800	17.777		
2801	17.780		
2802	17.769		
2803	17.768		
2804	17.761		
2805	17.762		
2806	17.752		
2807	17.753		
2808	17.754		
2809	17.742		
2810	17.747		
2811	17.735		
2812	17.737		
2813	17.732		
2814	17.733		
2815	17.727		
2816	17.723		
2817	17.728		
2818	17.716		
2819	17.724		
2820	17.716		
2821	17.722		
2822	17.720		
2823	17.726		
2824	17.732		
2825	17.728		
2826	17.741		
2827	17.743		
2828	17.763		
2829	17.767		
2830	17.785	139	
2831	17.793		
2832	17.805		
2833	17.830		
2834	17.836		
2835	17.936		
2836	17.992	255	
2837	18.043		
2838	18.067		
2839	18.012		
2840	18.015		
2841	18.015		
2842	18.039		
2843	18.052		
2844	18.073		
2845	18.080		
2846	18.094		
2847	18.102		
2848	18.113		
2849	18.131		
2850	18.138		
2851	18.160		
2852	18.162		
2853	18.181		
2854	18.191		
2855	18.207		
2856	18.223		
2857	18.227		
2858	18.246		
2859	18.249		
2860	18.266		
2861	18.272		
2862	18.284		
2863	18.290		
2864	18.290		
2865	18.311		
2866	18.303		
2867	18.319		
2868	18.315		
2869	18.325		
2870	18.318		
2871	18.321		
2872	18.327		
2873	18.314		
2874	18.323		
2875	18.311		
2876	18.315		
2877	18.304		
2878	18.307		
2879	18.298		
2880	18.286		
2881	18.291		
2882	18.270		
2883	18.274		
2884	18.260		
2885	18.267	140	
2886	18.260		
2887	18.265		
2888	18.283		
2889	18.293		
2890	18.335		
2891	18.357		
2892	18.408		
2893	18.455		
2894	18.517		
2895	18.581		
2896	18.648		
2897	18.731		
2898	18.795		
2899	18.882		
2900	18.952		
2901	19.039		
2902	19.108		
2903	19.185		
2904	19.266		
2905	19.322		
2906	19.407		
2907	19.456		
2908	19.529		
2909	19.578		
2910	19.639		
2911	19.684		
2912	19.732		
2913	19.791		
2914	19.826		
2915	19.880		
2916	19.909		
2917	19.959		
2918	19.987	141	
2919	20.025		
2920	20.113		
2921	20.234		
2922	20.311		
2923	20.345	255	
2924	20.308		
2925	20.262		
2926	20.275		
2927	20.285		
2928	20.304		
2929	20.338		
2930	20.334		
2931	20.360		
2932	20.355		
2933	20.371		
2934	20.368		
2935	20.377		
2936	20.387		
2937	20.379		
2938	20.397		
2939	20.391		
2940	20.408		
2941	20.404		
2942	20.420		
2943	20.415		
2944	20.413		
2945	20.428		
2946	20.412		
2947	20.422		
2948	20.409		
2949	20.418		
2950	20.408		
2951	20.415		
2952	20.411		
2953	20.399		
2954	20.415		
2955	20.400		
2956	20.409		
2957	20.395		
2958	20.400		
2959	20.392		
2960	20.386		
2961	20.388		
2962	20.367		
2963	20.373		
2964	20.358		
2965	20.361		
2966	20.351	142	
2967	20.352		
2968	20.356		
2969	20.352		
2970	20.519		
2971	20.546		
2972	20.597	255	
2973	20.586		
2974	20.513		
2975	20.507		
2976	20.515		
2977	20.552		
2978	20.564		
2979	20.611		
2980	20.642		
2981	20.685		
2982	20.717		
2983	20.758		
2984	20.793		
2985	20.821		
2986	20.864		
2987	20.892		
2988	20.939		
2989	20.966		
2990	21.010		
2991	21.041		
2992	21.082		
2993	21.127		
2994	21.146		
2995	21.194		
2996	21.217		
2997	21.259		
2998	21.278		
2999	21.306		
3000	21.338		
3001	21.356		
3002	21.399		
3003	21.408		
3004	21.433		
3005	21.444		
3006	21.472		
3007	21.479		
3008	21.497	143	
3009	21.516		
3010	21.515		
3011	21.536		
3012	21.528		
3013	21.546		
3014	21.546		
3015	21.553		
3016	21.557		
3017	21.546		
3018	21.561		
3019	21.543		
3020	21.557		
3021	21.551		
3022	21.557		
3023	21.557		
3024	21.564		
3025	21.578		
3026	21.576		
3027	21.597		
3028	21.602		
3029	21.626		
3030	21.641		
3031	21.667		
3032	21.689		
3033	21.700		
3034	21.742		
3035	21.750		
3036	21.792		
3037	21.807		
3038	21.848		
3039	21.867		
3040	21.891		
3041	21.932		
3042	21.939		
3043	21.985		
3044	22.000		
3045	22.039		
3046	22.059		
3047	22.090		
3048	22.111		
3049	22.121		
3050	22.154		
3051	22.158		
3052	22.179		
3053	22.191		
3054	22.210	144	
3055	22.213		
3056	22.226		
3057	22.245		
3058	22.237		
3059	22.256		
3060	22.248		
3061	22.259		
3062	22.250		
3063	22.255		
3064	22.260		
3065	22.245		
3066	22.262		
3067	22.247		
3068	22.255		
3069	22.242		
3070	22.244		
3071	22.236		
3072	22.227		
3073	22.233		
3074	22.206		
3075	22.209		
3076	22.191		
3077	22.187		
3078	22.163		
3079	22.153		
3080	22.132		
3081	22.097		
3082	22.087		
3083	22.048		
3084	22.036		
3085	21.991		
3086	21.970		
3087	21.924		
3088	21.884	145	
3089	21.850		
3090	21.793		
3091	21.766		
3092	21.712		
3093	21.674		
3094	21.614		
3095	21.571		
3096	21.525		
3097	21.464		
3098	21.426		
3099	21.360		
3100	21.325		
3101	21.265		
3102	21.219		
3103	21.159		
3104	21.108		
3105	21.069		
3106	21.005		
3107	20.968		
3108	20.907		
3109	20.868		
3110	20.811		
3111	20.770		
3112	20.722		
3113	20.670		
3114	20.636		
3115	20.582		
3116	20.549		
3117	20.501		
3118	20.462		
3119	20.419		
3120	20.375		
3121	20.348		
3122	20.298	146	
3123	20.272		
3124	20.227		
3125	20.197		
3126	20.152		
3127	20.123		
3128	20.088		
3129	20.048		
3130	20.028		
3131	19.978		
3132	19.959		
3133	19.919		
3134	19.895		
3135	19.864		
3136	19.829		
3137	19.812		
3138	19.768		
3139	19.754		
3140	19.720		
3141	19.702		
3142	19.670		
3143	19.654		
3144	19.631		
3145	19.601		
3146	19.594		
3147	19.567		
3148	19.561		
3149	19.537		
3150	19.531		
3151	19.519		
3152	19.506		
3153	19.509		
3154	19.489		
3155	19.495		
3156	19.478		
3157	19.484		
3158	19.473		
3159	19.474		
3160	19.478		
3161	19.463		
3162	19.474		
3163	19.463		
3164	19.473		
3165	19.463		
3166	19.470	147	
3167	19.467		
3168	19.463		
3169	19.471		
3170	19.456		
3171	19.465		
3172	19.534	255	
3173	19.602		
3174	19.617		
3175	19.640		
3176	19.540		
3177	19.510		
3178	19.519		
3179	19.503		
3180	19.502		
3181	19.477		
3182	19.468		
3183	19.449		
3184	19.430		
3185	19.424		
3186	19.396		
3187	19.391		
3188	19.370		
3189	19.364		
3190	19.346		
3191	19.341		
3192	19.333		
3193	19.311		
3194	19.311		
3195	19.285		
3196	19.287		
3197	19.269		
3198	19.263		
3199	19.247		
3200	19.231		
3201	19.228		
3202	19.205		
3203	19.206		
3204	19.182		
3205	19.181		
3206	19.161		
3207	19.152		
3208	19.148		
3209	19.125		
3210	19.124		
3211	19.098		
3212	19.094		
3213	19.077		
3214	19.073		
3215	19.060	148	
3216	19.043		
3217	19.043		
3218	19.021		
3219	19.022		
3220	19.003		
3221	19.005		
3222	18.996		
3223	18.995		
3224	19.005		
3225	19.007		
3226	19.037		
3227	19.056		
3228	19.105		
3229	19.143		
3230	19.201		
3231	19.265		
3232	19.339		
3233	19.433		
3234	19.517		
3235	19.625		
3236	19.727		
3237	19.848		
3238	19.960		
3239	20.083		
3240	20.210		
3241	20.316		
3242	20.450		
3243	20.556		
3244	20.681		
3245	20.783		
3246	20.896		
3247	20.991		
3248	21.083		
3249	21.182		
3250	21.249		
3251	21.339		
3252	21.397		
3253	21.467		
3254	21.517		
3255	21.568		
3256	21.622		
3257	21.646		
3258	21.699		
3259	21.719	149	
3260	21.760		
3261	21.773		
3262	21.796		
3263	21.808		
3264	21.816		
3265	21.832		
3266	21.819		
3267	21.838		
3268	21.827		
3269	21.831		
3270	21.814		
3271	21.813		
3272	21.811		
3273	21.789		
3274	21.788		
3275	21.765		
3276	21.760		
3277	21.736		
3278	21.730		
3279	21.707		
3280	21.685		
3281	21.688		
3282	21.654		
3283	21.645		
3284	21.620		
3285	21.603		
3286	21.579		
3287	21.560		
3288	21.545		
3289	21.509		
3290	21.500		
3291	21.460		
3292	21.443		
3293	21.409		
3294	21.387		
3295	21.354		
3296	21.322	150	
3297	21.303		
3298	21.256		
3299	21.233		
3300	21.193		
3301	21.168		
3302	21.122		
3303	21.092		
3304	21.068		
3305	21.018		
3306	20.994		
3307	20.951		
3308	20.927		
3309	20.882		
3310	20.858		
3311	20.820		
3312	20.781		
3313	20.760		
3314	20.715		
3315	20.698		
3316	20.662		
3317	20.643		
3318	20.616		
3319	20.597		
3320	20.583		
3321	20.554		
3322	20.553		
3323	20.535		
3324	20.539		
3325	20.528		
3326	20.535		
3327	20.528		
3328	20.525		
3329	20.541	151	
3330	20.534		
3331	20.553		
3332	20.556		
3333	20.570		
3334	20.573		
3335	20.579		
3336	20.595		
3337	20.587		
3338	20.612		
3339	20.604		
3340	20.617		
3341	20.613		
3342	20.626		
3343	20.626		
3344	20.622		
3345	20.634		
3346	20.622		
3347	20.629		
3348	20.615		
3349	20.622		
3350	20.606		
3351	20.604		
3352	20.602		
3353	20.582		
3354	20.584		
3355	20.565		
3356	20.559		
3357	20.541		
3358	20.538		
3359	20.521	152	
3360	20.501		
3361	20.494		
3362	20.471		
3363	20.464		
3364	20.439		
3365	20.427		
3366	20.404		
3367	20.386		
3368	20.371		
3369	20.339		
3370	20.335		
3371	20.305		
3372	20.288		
3373	20.261		
3374	20.244		
3375	20.222		
3376	20.191		
3377	20.178		
3378	20.140		
3379	20.129		
3380	20.093		
3381	20.078		
3382	20.047		
3383	20.024		
3384	20.006		
3385	19.971		
3386	19.959		
3387	19.923		
3388	19.906		
3389	19.873		
3390	19.855		
3391	19.832		
3392	19.801		
3393	19.791		
3394	19.757		
3395	19.743		
3396	19.713		
3397	19.697		
3398	19.673		
3399	19.650		
3400	19.638		
3401	19.603		
3402	19.593		
3403	19.566	153	
3404	19.554		
3405	19.527		
3406	19.518		
3407	19.496		
3408	19.468		
3409	19.469		
3410	19.435		
3411	19.429		
3412	19.405		
3413	19.394		
3414	19.374		
3415	19.356		
3416	19.351		
3417	19.325		
3418	19.323		
3419	19.293		
3420	19.288		
3421	19.265		
3422	19.260		
3423	19.244		
3424	19.227		
3425	19.222		
3426	19.201		
3427	19.196		
3428	19.178		
3429	19.175		
3430	19.162		
3431	19.151		
3432	19.149		
3433	19.130		
3434	19.133		
3435	19.117		
3436	19.118		
3437	19.107		
3438	19.105	154	
3439	19.099		
3440	19.086		
3441	19.094		
3442	19.079		
3443	19.083		
3444	19.068		
3445	19.072		
3446	19.065		
3447	19.058		
3448	19.062		
3449	19.046		
3450	19.053		
3451	19.041		
3452	19.044		
3453	19.031		
3454	19.033		
3455	19.029		
3456	19.015		
3457	19.017		
3458	19.003		
3459	19.013		
3460	18.995		
3461	18.998		
3462	18.986		
3463	18.982		
3464	18.986		
3465	18.966		
3466	18.975		
3467	18.961		
3468	18.964		
3469	18.956		
3470	18.957		
3471	18.955		
3472	18.945	155	
3473	18.953		
3474	18.942		
3475	18.949		
3476	18.945		
3477	18.951		
3478	18.948		
3479	18.949		
3480	18.958		
3481	18.951		
3482	18.962		
3483	18.956		
3484	18.968		
3485	18.959		
3486	18.970		
3487	18.973		
3488	18.972		
3489	18.989		
3490	18.989		
3491	19.007		
3492	19.011		
3493	19.036		
3494	19.050		
3495	19.068		
3496	19.098		
3497	19.108		
3498	19.147		
3499	19.164		
3500	19.204		
3501	19.226		
3502	19.261		
3503	19.292		
3504	19.319		
3505	19.359		
3506	19.383		
3507	19.420		
3508	19.445	156	
3509	19.481		
3510	19.505		
3511	19.528		
3512	19.563		
3513	19.574		
3514	19.609		
3515	19.616		
3516	19.645		
3517	19.655		
3518	19.677		
3519	19.691		
3520	19.694		
3521	19.715		
3522	19.710		
3523	19.729		
3524	19.725		
3525	19.734		
3526	19.734		
3527	19.731		
3528	19.743		
3529	19.729		
3530	19.734		
3531	19.725		
3532	19.728		
3533	19.716		
3534	19.715		
3535	19.716	157	
3536	19.692		
3537	19.703		
3538	19.685		
3539	19.683		
3540	19.670		
3541	19.666		
3542	19.653		
3543	19.640		
3544	19.645		
3545	19.621		
3546	19.621		
3547	19.601		
3548	19.603		
3549	19.585		
3550	19.579		
3551	19.578		
3552	19.558		
3553	19.566		
3554	19.554		
3555	19.556		
3556	19.549		
3557	19.552		
3558	19.550		
3559	19.546		
3560	19.558		
3561	19.545		
3562	19.560		
3563	19.553		
3564	19.563		
3565	19.563		
3566	19.568		
3567	19.575		
3568	19.567		
3569	19.577		
3570	19.569		
3571	19.577	158	
3572	19.571		
3573	19.579		
3574	19.575		
3575	19.568		
3576	19.578		
3577	19.561		
3578	19.567		
3579	19.559		
3580	19.562		
3581	19.549		
3582	19.551		
3583	19.549		
3584	19.531		
3585	19.537		
3586	19.520		
3587	19.523		
3588	19.510		
3589	19.507		
3590	19.497		
3591	19.488		
3592	19.490		
3593	19.473		
3594	19.485		
3595	19.476		
3596	19.483		
3597	19.477		
3598	19.486		
3599	19.496		
3600	19.488		
3601	19.512		
3602	19.511		
3603	19.530		
3604	19.536		
3605	19.553		
3606	19.565		
3607	19.576		
3608	19.599		
3609	19.600	159	
3610	19.625		
3611	19.625		
3612	19.644		
3613	19.653		
3614	19.659		
3615	19.669		
3616	19.668		
3617	19.685		
3618	19.678		
3619	19.689		
3620	19.691		
3621	19.693		
3622	19.693		
3623	19.687		
3624	19.698		
3625	19.681		
3626	19.689		
3627	19.674		
3628	19.676		
3629	19.663		
3630	19.659		
3631	19.659		
3632	19.642		
3633	19.645		
3634	19.626		
3635	19.629		
3636	19.614		
3637	19.611		
3638	19.604		
3639	19.589		
3640	19.595		
3641	19.576		
3642	19.575		
3643	19.564		
3644	19.569		
3645	19.559		
3646	19.552		
3647	19.555		
3648	19.541		
3649	19.547		
3650	19.538		
3651	19.543	160	
3652	19.534		
3653	19.536		
3654	19.531		
3655	19.530		
3656	19.539		
3657	19.528		
3658	19.536		
3659	19.527		
3660	19.539		
3661	19.536		
3662	19.544		
3663	19.557		
3664	19.549		
3665	19.572		
3666	19.569		
3667	19.586		
3668	19.594		
3669	19.614		
3670	19.627		
3671	19.633		
3672	19.659		
3673	19.659		
3674	19.683		
3675	19.690		
3676	19.714		
3677	19.719		
3678	19.731		
3679	19.749		
3680	19.745		
3681	19.768	161	
3682	19.764		
3683	19.784		
3684	19.783		
3685	19.789		
3686	19.794		
3687	19.787		
3688	19.802		
3689	19.786		
3690	19.794		
3691	19.784		
3692	19.785		
3693	19.778		
3694	19.768		
3695	19.772		
3696	19.749		
3697	19.749		
3698	19.733		
3699	19.729		
3700	19.714		
3701	19.707		
3702	19.693		
3703	19.669		
3704	19.670		
3705	19.640		
3706	19.634		
3707	19.613		
3708	19.602		
3709	19.585		
3710	19.564		
3711	19.556		
3712	19.526		
3713	19.521		
3714	19.493		
3715	19.481		
3716	19.452		
3717	19.438		
3718	19.421		
3719	19.394	162	
3720	19.384		
3721	19.357		
3722	19.345		
3723	19.317		
3724	19.303		
3725	19.281		
3726	19.259		
3727	19.251		
3728	19.218		
3729	19.211		
3730	19.179		
3731	19.168		
3732	19.145		
3733	19.129		
3734	19.118		
3735	19.089		
3736	19.082		
3737	19.057		
3738	19.053		
3739	19.033		
3740	19.029		
3741	19.014		
3742	19.005		
3743	19.011		
3744	19.002		
3745	19.013		
3746	19.010		
3747	19.025		
3748	19.030	163	
3749	19.047		
3750	19.066		
3751	19.074		
3752	19.107		
3753	19.116		
3754	19.145		
3755	19.162		
3756	19.193		
3757	19.212		
3758	19.232		
3759	19.266		
3760	19.278		
3761	19.313		
3762	19.324		
3763	19.353		
3764	19.368		
3765	19.389		
3766	19.403		
3767	19.411		
3768	19.436		
3769	19.436		
3770	19.455		
3771	19.455		
3772	19.467		
3773	19.470		
3774	19.471		
3775	19.480		
3776	19.475		
3777	19.482		
3778	19.468		
3779	19.471	164	
3780	19.463		
3781	19.459		
3782	19.455		
3783	19.439		
3784	19.442		
3785	19.419		
3786	19.421		
3787	19.403		
3788	19.398		
3789	19.384		
3790	19.363		
3791	19.362		
3792	19.338		
3793	19.330		
3794	19.306		
3795	19.301		
3796	19.272		
3797	19.254		
3798	19.246		
3799	19.216		
3800	19.209		
3801	19.182		
3802	19.170		
3803	19.143		
3804	19.129		
3805	19.108		
3806	19.085		
3807	19.075		
3808	19.040		
3809	19.034		
3810	19.006		
3811	18.993		
3812	18.970		
3813	18.951		
3814	18.938		
3815	18.908		
3816	18.903		
3817	18.874		
3818	18.864		
3819	18.840		
3820	18.825		
3821	18.809		
3822	18.782		
3823	18.778		
3824	18.754	165	
3825	18.744		
3826	18.717		
3827	18.711		
3828	18.692		
3829	18.674		
3830	18.672		
3831	18.645		
3832	18.639		
3833	18.617		
3834	18.612		
3835	18.594		
3836	18.580		
3837	18.571		
3838	18.548		
3839	18.545		
3840	18.524		
3841	18.520		
3842	18.502		
3843	18.494		
3844	18.478		
3845	18.466		
3846	18.463		
3847	18.443		
3848	18.439		
3849	18.419		
3850	18.416		
3851	18.403		
3852	18.396		
3853	18.387		
3854	18.369		
3855	18.369		
3856	18.351		
3857	18.349		
3858	18.333		
3859	18.334		
3860	18.318		
3861	18.308		
3862	18.306		
3863	18.288		
3864	18.287		
3865	18.273		
3866	18.271		
3867	18.255		
3868	18.254		
3869	18.246		
3870	18.230		
3871	18.229		
3872	18.214		
3873	18.213		
3874	18.203		
3875	18.198		
3876	18.187		
3877	18.177		
3878	18.178		
3879	18.162		
3880	18.167		
3881	18.151		
3882	18.157		
3883	18.150		
3884	18.154		
3885	18.166		
3886	18.167		
3887	18.191		
3888	18.197		
3889	18.226		
3890	18.244		
3891	18.282		
3892	18.314		
3893	18.343		
3894	18.395		
3895	18.425		
3896	18.481		
3897	18.521		
3898	18.575		
3899	18.617		
3900	18.671		
3901	18.730		
3902	18.767		
3903	18.831		
3904	18.869		
3905	18.923		
3906	18.959		
3907	19.010		
3908	19.047		
3909	19.080		
3910	19.127		
3911	19.148		
3912	19.189		
3913	19.211		
3914	19.245		
3915	19.261		
3916	19.287		
3917	19.307		
3918	19.314		
3919	19.341		
3920	19.345		
3921	19.365		
3922	19.367		
3923	19.380		
3924	19.386		
3925	19.384		
3926	19.399		
3927	19.392		
3928	19.400		
3929	19.389		
3930	19.395		
3931	19.384		
3932	19.382		
3933	19.381		
3934	19.362		
3935	19.365		
3936	19.348		
3937	19.339		
3938	19.323		
3939	19.317		
3940	19.300		
3941	19.279		
3942	19.276		
3943	19.243		
3944	19.237		
3945	19.211		
3946	19.195		
3947	19.170		
3948	19.145		
3949	19.138		
3950	19.101		
3951	19.092		
3952	19.058		
3953	19.039		
3954	19.013		
3955	18.993		
3956	18.972		
3957	18.940		
3958	18.934		
3959	18.899		
3960	18.887		
3961	18.857		
3962	18.842		
3963	18.819		
3964	18.790		
3965	18.785		
3966	18.745		
3967	18.741		

<end of exported RAW data>
