Unbearbeiteter Daten-Export (tab separat)


Klient:	VP0,Vor-vorversuch
Sitzung:	iads
Datum:	15-11-2007
Zeit:	13:02:44
Dauer:	197	Sekunden.
Ausgabegeschwindigkeit:	32	Samples/sek.

Beispiele	32 SPS	
ZEIT	Sensor-13:SC/GSR	Ereignisse	


0	2.431		
1	2.380		
2	2.380		
3	2.380		
4	2.380		
5	2.380		
6	2.380		
7	2.381		
8	2.381		
9	2.381		
10	2.381		
11	2.381		
12	2.381		
13	2.382		
14	2.382		
15	2.382		
16	2.382		
17	2.383		
18	2.383		
19	2.383		
20	2.384		
21	2.384		
22	2.385		
23	2.385		
24	2.385		
25	2.386		
26	2.386		
27	2.386		
28	2.386		
29	2.386		
30	2.386		
31	2.386		
32	2.386		
33	2.386		
34	2.387		
35	2.386		
36	2.387		
37	2.386		
38	2.387		
39	2.387		
40	2.387		
41	2.387		
42	2.386		
43	2.387		
44	2.386		
45	2.387		
46	2.386		
47	2.386		
48	2.386		
49	2.386		
50	2.386		
51	2.386		
52	2.387		
53	2.387		
54	2.387		
55	2.388		
56	2.388		
57	2.389		
58	2.389		
59	2.390		
60	2.390		
61	2.391		
62	2.392		
63	2.393		
64	2.394		
65	2.394		
66	2.395		
67	2.396		
68	2.398		
69	2.398		
70	2.400		
71	2.401		
72	2.402		
73	2.403		
74	2.405		
75	2.406		
76	2.407		
77	2.409		
78	2.410		
79	2.412		
80	2.413		
81	2.415		
82	2.416		
83	2.417		
84	2.419		
85	2.420		
86	2.422		
87	2.423		
88	2.425		
89	2.427		
90	2.429		
91	2.430		
92	2.432		
93	2.434		
94	2.436		
95	2.438		
96	2.440		
97	2.442		
98	2.444		
99	2.446		
100	2.448		
101	2.450		
102	2.453		
103	2.455		
104	2.457		
105	2.459		
106	2.461		
107	2.463		
108	2.466		
109	2.468		
110	2.470		
111	2.472		
112	2.474		
113	2.476		
114	2.478		
115	2.480		
116	2.482		
117	2.484		
118	2.486		
119	2.487		
120	2.488		
121	2.489		
122	2.490		
123	2.491		
124	2.492		
125	2.493		
126	2.494		
127	2.495		
128	2.496		
129	2.497		
130	2.498		
131	2.499		
132	2.500		
133	2.500		
134	2.501		
135	2.501		
136	2.502		
137	2.503		
138	2.503		
139	2.504		
140	2.504		
141	2.504		
142	2.504		
143	2.505		
144	2.505		
145	2.505		
146	2.505		
147	2.506		
148	2.507		
149	2.507		
150	2.509		
151	2.509		
152	2.511		
153	2.513		
154	2.515		
155	2.517		
156	2.520		
157	2.523		
158	2.526		
159	2.530		
160	2.534		
161	2.538		
162	2.542		
163	2.547		
164	2.551		
165	2.555		
166	2.560		
167	2.564		
168	2.569		
169	2.573		
170	2.578		
171	2.582		
172	2.587		
173	2.591		
174	2.595		
175	2.600		
176	2.604		
177	2.608		
178	2.612		
179	2.616		
180	2.620		
181	2.624		
182	2.627		
183	2.630		
184	2.634		
185	2.637		
186	2.640		
187	2.643		
188	2.646		
189	2.649		
190	2.651		
191	2.654		
192	2.656		
193	2.659		
194	2.661		
195	2.663		
196	2.665		
197	2.667		
198	2.669		
199	2.670		
200	2.673		
201	2.674		
202	2.676		
203	2.678		
204	2.680		
205	2.682		
206	2.684		
207	2.686		
208	2.688		
209	2.690		
210	2.692		
211	2.695		
212	2.696		
213	2.698		
214	2.700		
215	2.703		
216	2.704		
217	2.706		
218	2.708		
219	2.709		
220	2.710		
221	2.711		
222	2.713		
223	2.714		
224	2.715		
225	2.716		
226	2.717		
227	2.718		
228	2.719		
229	2.720		
230	2.720		
231	2.721		
232	2.722		
233	2.722		
234	2.723		
235	2.723		
236	2.724		
237	2.724		
238	2.725		
239	2.725		
240	2.725		
241	2.726		
242	2.726		
243	2.727		
244	2.727		
245	2.728		
246	2.728		
247	2.729		
248	2.730		
249	2.730		
250	2.730		
251	2.730		
252	2.731		
253	2.730		
254	2.730		
255	2.730	4	
256	2.729		
257	2.729		
258	2.729		
259	2.728		
260	2.727		
261	2.727		
262	2.726		
263	2.725		
264	2.725		
265	2.724		
266	2.723		
267	2.721		
268	2.720		
269	2.719		
270	2.718		
271	2.716		
272	2.715		
273	2.714		
274	2.712		
275	2.711		
276	2.709		
277	2.708		
278	2.706		
279	2.705		
280	2.703		
281	2.702		
282	2.700		
283	2.698		
284	2.697		
285	2.695		
286	2.694		
287	2.692		
288	2.691		
289	2.689		
290	2.687		
291	2.686		
292	2.684		
293	2.683		
294	2.681		
295	2.680		
296	2.678		
297	2.677		
298	2.676		
299	2.674		
300	2.673		
301	2.672		
302	2.671		
303	2.670		
304	2.669		
305	2.669		
306	2.669		
307	2.669		
308	2.669		
309	2.670		
310	2.671		
311	2.673		
312	2.675		
313	2.677		
314	2.680		
315	2.683		
316	2.687		
317	2.691		
318	2.695		
319	2.699		
320	2.704		
321	2.709		
322	2.714		
323	2.719		
324	2.724		
325	2.730		
326	2.735		
327	2.741		
328	2.746		
329	2.752		
330	2.757		
331	2.762		
332	2.767		
333	2.772		
334	2.777		
335	2.781		
336	2.785		
337	2.790		
338	2.794		
339	2.798		
340	2.801		
341	2.806		
342	2.809		
343	2.813		
344	2.815		
345	2.818		
346	2.821		
347	2.824		
348	2.827		
349	2.829		
350	2.831		
351	2.834		
352	2.836		
353	2.838		
354	2.841		
355	2.843		
356	2.845		
357	2.847		
358	2.848		
359	2.849		
360	2.850		
361	2.851		
362	2.853		
363	2.853		
364	2.855		
365	2.855		
366	2.856		
367	2.857		
368	2.858		
369	2.859		
370	2.859		
371	2.860		
372	2.860		
373	2.861		
374	2.861		
375	2.861		
376	2.861		
377	2.861		
378	2.861		
379	2.861		
380	2.861		
381	2.861		
382	2.861		
383	2.860		
384	2.860		
385	2.860		
386	2.859		
387	2.859		
388	2.858		
389	2.858		
390	2.857		
391	2.857		
392	2.856		
393	2.856		
394	2.856		
395	2.856		
396	2.856		
397	2.855		
398	2.855		
399	2.854		
400	2.853		
401	2.852		
402	2.851		
403	2.851		
404	2.849		
405	2.849		
406	2.847		
407	2.846		
408	2.845		
409	2.844		
410	2.843		
411	2.841		
412	2.840		
413	2.839		
414	2.838		
415	2.837		
416	2.835		
417	2.834		
418	2.832		
419	2.831		
420	2.829		
421	2.828		
422	2.826		
423	2.825		
424	2.823		
425	2.821		
426	2.820		
427	2.818		
428	2.817		
429	2.815		
430	2.813		
431	2.812		
432	2.810		
433	2.809		
434	2.807		
435	2.805		
436	2.803		
437	2.802		
438	2.800		
439	2.798		
440	2.797		
441	2.795		
442	2.794		
443	2.792		
444	2.791		
445	2.789		
446	2.787		
447	2.786		
448	2.784		
449	2.783		
450	2.781		
451	2.780		
452	2.778		
453	2.777		
454	2.775		
455	2.773		
456	2.772		
457	2.770		
458	2.769		
459	2.767		
460	2.766		
461	2.764		
462	2.763		
463	2.761		
464	2.760		
465	2.758		
466	2.757		
467	2.756		
468	2.754		
469	2.753		
470	2.751		
471	2.750		
472	2.749		
473	2.747		
474	2.746		
475	2.744		
476	2.744		
477	2.742		
478	2.741		
479	2.740		
480	2.739		
481	2.737		
482	2.736		
483	2.735		
484	2.733		
485	2.732		
486	2.730		
487	2.729		
488	2.727		
489	2.726		
490	2.724		
491	2.723		
492	2.722		
493	2.720		
494	2.719		
495	2.717		
496	2.716		
497	2.714		
498	2.713		
499	2.711		
500	2.710		
501	2.709		
502	2.707		
503	2.706		
504	2.705		
505	2.703		
506	2.702		
507	2.701		
508	2.700		
509	2.699		
510	2.698		
511	2.696		
512	2.695		
513	2.694		
514	2.693		
515	2.692		
516	2.690		
517	2.690		
518	2.688		
519	2.687		
520	2.686		
521	2.685		
522	2.684		
523	2.683		
524	2.682		
525	2.681		
526	2.680		
527	2.679		
528	2.677		
529	2.676		
530	2.675		
531	2.675		
532	2.673		
533	2.673		
534	2.671		
535	2.671		
536	2.670		
537	2.668		
538	2.668		
539	2.667		
540	2.666		
541	2.665		
542	2.664		
543	2.663		
544	2.662		
545	2.661		
546	2.660		
547	2.660		
548	2.658		
549	2.658		
550	2.657		
551	2.656		
552	2.655		
553	2.654		
554	2.653		
555	2.652		
556	2.652		
557	2.651		
558	2.650		
559	2.649		
560	2.648		
561	2.648		
562	2.647		
563	2.646		
564	2.645		
565	2.644		
566	2.643		
567	2.643		
568	2.642		
569	2.641		
570	2.641		
571	2.640		
572	2.639		
573	2.638		
574	2.637		
575	2.637		
576	2.636		
577	2.635		
578	2.635		
579	2.634		
580	2.633		
581	2.633		
582	2.632		
583	2.632		
584	2.631		
585	2.630		
586	2.630		
587	2.629		
588	2.629		
589	2.628		
590	2.627		
591	2.627		
592	2.626		
593	2.626		
594	2.625		
595	2.625		
596	2.624		
597	2.624		
598	2.623		
599	2.623		
600	2.622		
601	2.622		
602	2.622		
603	2.621		
604	2.621		
605	2.620		
606	2.619		
607	2.619		
608	2.618		
609	2.618		
610	2.617		
611	2.617		
612	2.616		
613	2.616		
614	2.615		
615	2.615		
616	2.614		
617	2.614		
618	2.613		
619	2.613		
620	2.612		
621	2.612		
622	2.611		
623	2.611		
624	2.611		
625	2.610		
626	2.609		
627	2.609		
628	2.608		
629	2.608		
630	2.607		
631	2.607		
632	2.606		
633	2.606		
634	2.605		
635	2.604		
636	2.604		
637	2.603		
638	2.603		
639	2.602		
640	2.602		
641	2.601		
642	2.601		
643	2.601		
644	2.600		
645	2.600		
646	2.599		
647	2.599		
648	2.598		
649	2.598		
650	2.597		
651	2.596		
652	2.596		
653	2.595		
654	2.595		
655	2.594		
656	2.594		
657	2.593		
658	2.593		
659	2.592		
660	2.592		
661	2.592		
662	2.591		
663	2.591		
664	2.591		
665	2.591		
666	2.591		
667	2.590		
668	2.590		
669	2.590		
670	2.590		
671	2.590		
672	2.591		
673	2.591		
674	2.591		
675	2.591		
676	2.590		
677	2.591		
678	2.591		
679	2.591		
680	2.591		
681	2.592		
682	2.592		
683	2.592		
684	2.592		
685	2.592		
686	2.592		
687	2.592		
688	2.593		
689	2.593		
690	2.593		
691	2.593		
692	2.593		
693	2.593		
694	2.593		
695	2.594		
696	2.593		
697	2.593		
698	2.593		
699	2.593		
700	2.593		
701	2.593		
702	2.593		
703	2.592		
704	2.592		
705	2.592		
706	2.592		
707	2.592		
708	2.591		
709	2.592		
710	2.591		
711	2.591		
712	2.591		
713	2.591		
714	2.590		
715	2.590		
716	2.590		
717	2.589		
718	2.589		
719	2.588		
720	2.588		
721	2.588		
722	2.588		
723	2.587		
724	2.587		
725	2.586		
726	2.586		
727	2.585		
728	2.585		
729	2.584		
730	2.584		
731	2.584		
732	2.583		
733	2.582		
734	2.582		
735	2.582		
736	2.582		
737	2.581		
738	2.580		
739	2.580		
740	2.579		
741	2.579		
742	2.578		
743	2.578		
744	2.577		
745	2.577		
746	2.576		
747	2.576		
748	2.576		
749	2.575		
750	2.575		
751	2.574		
752	2.574		
753	2.573		
754	2.573		
755	2.573		
756	2.572		
757	2.572		
758	2.572		
759	2.571		
760	2.571		
761	2.570		
762	2.570		
763	2.569		
764	2.569		
765	2.569	4	
766	2.568		
767	2.568		
768	2.568		
769	2.567		
770	2.567		
771	2.566		
772	2.566		
773	2.565		
774	2.565		
775	2.565		
776	2.564		
777	2.564		
778	2.563		
779	2.563		
780	2.563		
781	2.562		
782	2.562		
783	2.561		
784	2.561		
785	2.560		
786	2.560		
787	2.559		
788	2.559		
789	2.559		
790	2.558		
791	2.558		
792	2.557		
793	2.557		
794	2.556		
795	2.556		
796	2.556		
797	2.555		
798	2.555		
799	2.554		
800	2.554		
801	2.554		
802	2.554		
803	2.553		
804	2.553		
805	2.552		
806	2.552		
807	2.552		
808	2.551		
809	2.550		
810	2.550		
811	2.549		
812	2.549		
813	2.548		
814	2.548		
815	2.548		
816	2.548		
817	2.548		
818	2.548		
819	2.548		
820	2.548		
821	2.548		
822	2.549		
823	2.550		
824	2.550		
825	2.552		
826	2.553		
827	2.555		
828	2.556		
829	2.558		
830	2.561		
831	2.563		
832	2.565		
833	2.568		
834	2.571		
835	2.573		
836	2.577		
837	2.580		
838	2.583		
839	2.586		
840	2.590		
841	2.593		
842	2.596		
843	2.600		
844	2.603		
845	2.607		
846	2.610		
847	2.613		
848	2.617		
849	2.620		
850	2.624		
851	2.627		
852	2.630		
853	2.634		
854	2.637		
855	2.640		
856	2.643		
857	2.647		
858	2.650		
859	2.654		
860	2.657		
861	2.661		
862	2.664		
863	2.668		
864	2.672		
865	2.675		
866	2.679		
867	2.683		
868	2.687		
869	2.690		
870	2.694		
871	2.698		
872	2.702		
873	2.706		
874	2.709		
875	2.713		
876	2.717		
877	2.720		
878	2.723		
879	2.726		
880	2.729		
881	2.733		
882	2.736		
883	2.738		
884	2.741		
885	2.744		
886	2.746		
887	2.749		
888	2.751		
889	2.754		
890	2.756		
891	2.758		
892	2.760		
893	2.762	4	
894	2.764		
895	2.766		
896	2.768		
897	2.769		
898	2.771		
899	2.772		
900	2.774		
901	2.775		
902	2.777		
903	2.778		
904	2.780		
905	2.781		
906	2.782		
907	2.783		
908	2.784		
909	2.786		
910	2.786		
911	2.787		
912	2.788		
913	2.789		
914	2.789		
915	2.789		
916	2.790		
917	2.790		
918	2.791		
919	2.791		
920	2.791		
921	2.791		
922	2.791		
923	2.791		
924	2.790		
925	2.790		
926	2.790		
927	2.789		
928	2.789		
929	2.788		
930	2.788		
931	2.787		
932	2.787		
933	2.786		
934	2.785		
935	2.784		
936	2.783		
937	2.783		
938	2.781		
939	2.780		
940	2.779		
941	2.778		
942	2.777		
943	2.775		
944	2.774		
945	2.772		
946	2.771		
947	2.770		
948	2.769		
949	2.767		
950	2.766		
951	2.765		
952	2.763		
953	2.762		
954	2.761		
955	2.761		
956	2.760		
957	2.759		
958	2.759		
959	2.759		
960	2.760		
961	2.760		
962	2.761		
963	2.762		
964	2.763		
965	2.764		
966	2.766		
967	2.768		
968	2.770		
969	2.772		
970	2.774		
971	2.777		
972	2.779		
973	2.782		
974	2.784		
975	2.787		
976	2.789		
977	2.792		
978	2.794		
979	2.797		
980	2.800		
981	2.802		
982	2.805		
983	2.807		
984	2.810		
985	2.812		
986	2.814		
987	2.816		
988	2.818		
989	2.821		
990	2.822		
991	2.825		
992	2.826		
993	2.828		
994	2.830		
995	2.831		
996	2.833		
997	2.835		
998	2.837		
999	2.838		
1000	2.840		
1001	2.841		
1002	2.843		
1003	2.844		
1004	2.845		
1005	2.847		
1006	2.848		
1007	2.850		
1008	2.851		
1009	2.852		
1010	2.853		
1011	2.854		
1012	2.855		
1013	2.856		
1014	2.857		
1015	2.857		
1016	2.858		
1017	2.858		
1018	2.858		
1019	2.859		
1020	2.859		
1021	2.859		
1022	2.859		
1023	2.859		
1024	2.859		
1025	2.859		
1026	2.859		
1027	2.858		
1028	2.858		
1029	2.858		
1030	2.858		
1031	2.857		
1032	2.856		
1033	2.855		
1034	2.855		
1035	2.854		
1036	2.853		
1037	2.852		
1038	2.851		
1039	2.850		
1040	2.849		
1041	2.848		
1042	2.847		
1043	2.846		
1044	2.845		
1045	2.844		
1046	2.843		
1047	2.841		
1048	2.840		
1049	2.839		
1050	2.838		
1051	2.837		
1052	2.835		
1053	2.834		
1054	2.832		
1055	2.831		
1056	2.829		
1057	2.828		
1058	2.827		
1059	2.826		
1060	2.825		
1061	2.824		
1062	2.823		
1063	2.821		
1064	2.819		
1065	2.818		
1066	2.816		
1067	2.815		
1068	2.813		
1069	2.811		
1070	2.809		
1071	2.808		
1072	2.806		
1073	2.804		
1074	2.803		
1075	2.801		
1076	2.800		
1077	2.798		
1078	2.797		
1079	2.795		
1080	2.794		
1081	2.792		
1082	2.790		
1083	2.789		
1084	2.787		
1085	2.786		
1086	2.784		
1087	2.782		
1088	2.780		
1089	2.778		
1090	2.777		
1091	2.775		
1092	2.773		
1093	2.772		
1094	2.770		
1095	2.768		
1096	2.767		
1097	2.765		
1098	2.763		
1099	2.762		
1100	2.760		
1101	2.758		
1102	2.757		
1103	2.755		
1104	2.754		
1105	2.752		
1106	2.750		
1107	2.749		
1108	2.747		
1109	2.745		
1110	2.744		
1111	2.742		
1112	2.741		
1113	2.739		
1114	2.738		
1115	2.737		
1116	2.735		
1117	2.734		
1118	2.732		
1119	2.731		
1120	2.730		
1121	2.728		
1122	2.727		
1123	2.725		
1124	2.724		
1125	2.723		
1126	2.722		
1127	2.720		
1128	2.719		
1129	2.717		
1130	2.716		
1131	2.715		
1132	2.713		
1133	2.712		
1134	2.711		
1135	2.710		
1136	2.708		
1137	2.707		
1138	2.706		
1139	2.705		
1140	2.703		
1141	2.702		
1142	2.701		
1143	2.700		
1144	2.699		
1145	2.698		
1146	2.697		
1147	2.696		
1148	2.694		
1149	2.694	4	
1150	2.692		
1151	2.691		
1152	2.690		
1153	2.689		
1154	2.688		
1155	2.687		
1156	2.687		
1157	2.685		
1158	2.685		
1159	2.684		
1160	2.683		
1161	2.682		
1162	2.681		
1163	2.680		
1164	2.679		
1165	2.679		
1166	2.678		
1167	2.677		
1168	2.676		
1169	2.676		
1170	2.675		
1171	2.674		
1172	2.673		
1173	2.672		
1174	2.671		
1175	2.671		
1176	2.670		
1177	2.669		
1178	2.668		
1179	2.668		
1180	2.667		
1181	2.666		
1182	2.665		
1183	2.665		
1184	2.664		
1185	2.664		
1186	2.663		
1187	2.663		
1188	2.662		
1189	2.662		
1190	2.661		
1191	2.661		
1192	2.660		
1193	2.660		
1194	2.660		
1195	2.659		
1196	2.659		
1197	2.658		
1198	2.658		
1199	2.658		
1200	2.658		
1201	2.658		
1202	2.658		
1203	2.659		
1204	2.659		
1205	2.660		
1206	2.661		
1207	2.663		
1208	2.665		
1209	2.667		
1210	2.669		
1211	2.672		
1212	2.675		
1213	2.678		
1214	2.681		
1215	2.685		
1216	2.688		
1217	2.693		
1218	2.697		
1219	2.702		
1220	2.706		
1221	2.711		
1222	2.715		
1223	2.720		
1224	2.725		
1225	2.729		
1226	2.735		
1227	2.739		
1228	2.744		
1229	2.749		
1230	2.753		
1231	2.758		
1232	2.762		
1233	2.767		
1234	2.770		
1235	2.774		
1236	2.778		
1237	2.781		
1238	2.785		
1239	2.788		
1240	2.791		
1241	2.794		
1242	2.797		
1243	2.799		
1244	2.802		
1245	2.804		
1246	2.806		
1247	2.808		
1248	2.810		
1249	2.812		
1250	2.813		
1251	2.815		
1252	2.817		
1253	2.818		
1254	2.820		
1255	2.821		
1256	2.822		
1257	2.823		
1258	2.824		
1259	2.825		
1260	2.826		
1261	2.827		
1262	2.827		
1263	2.828		
1264	2.828		
1265	2.829		
1266	2.828		
1267	2.829		
1268	2.829		
1269	2.829		
1270	2.829		
1271	2.829		
1272	2.829		
1273	2.829		
1274	2.829		
1275	2.829		
1276	2.829		
1277	2.828		
1278	2.828		
1279	2.828		
1280	2.827		
1281	2.827		
1282	2.826		
1283	2.826		
1284	2.825		
1285	2.825		
1286	2.824		
1287	2.823		
1288	2.822		
1289	2.821		
1290	2.821		
1291	2.819		
1292	2.819		
1293	2.818		
1294	2.816		
1295	2.816		
1296	2.815		
1297	2.814		
1298	2.812		
1299	2.812		
1300	2.810		
1301	2.809		
1302	2.808		
1303	2.807		
1304	2.806		
1305	2.804		
1306	2.803		
1307	2.801		
1308	2.800		
1309	2.799		
1310	2.797		
1311	2.796		
1312	2.794		
1313	2.793		
1314	2.791		
1315	2.790		
1316	2.788		
1317	2.787		
1318	2.785		
1319	2.783		
1320	2.782		
1321	2.780		
1322	2.779		
1323	2.777		
1324	2.776		
1325	2.774		
1326	2.773		
1327	2.771		
1328	2.770		
1329	2.768		
1330	2.766		
1331	2.765		
1332	2.763		
1333	2.762		
1334	2.760		
1335	2.759		
1336	2.757		
1337	2.756		
1338	2.754		
1339	2.753		
1340	2.751		
1341	2.750		
1342	2.748		
1343	2.747		
1344	2.746		
1345	2.744		
1346	2.742		
1347	2.742		
1348	2.740		
1349	2.738		
1350	2.737		
1351	2.735		
1352	2.734		
1353	2.732		
1354	2.731		
1355	2.730		
1356	2.729		
1357	2.727		
1358	2.726		
1359	2.725		
1360	2.724		
1361	2.722		
1362	2.721		
1363	2.720		
1364	2.719		
1365	2.718		
1366	2.716		
1367	2.715		
1368	2.714		
1369	2.713		
1370	2.712		
1371	2.710		
1372	2.709		
1373	2.708		
1374	2.707		
1375	2.705		
1376	2.704		
1377	2.704		
1378	2.702		
1379	2.702		
1380	2.700		
1381	2.699		
1382	2.698		
1383	2.697		
1384	2.696		
1385	2.695		
1386	2.694		
1387	2.693		
1388	2.692		
1389	2.691		
1390	2.690		
1391	2.689		
1392	2.689		
1393	2.688		
1394	2.687		
1395	2.686		
1396	2.685		
1397	2.684		
1398	2.684		
1399	2.683		
1400	2.682		
1401	2.682		
1402	2.681		
1403	2.680		
1404	2.680		
1405	2.679		
1406	2.679		
1407	2.679		
1408	2.678		
1409	2.678		
1410	2.678		
1411	2.678		
1412	2.677		
1413	2.677		
1414	2.677		
1415	2.677		
1416	2.677		
1417	2.676		
1418	2.676		
1419	2.676		
1420	2.676		
1421	2.675		
1422	2.675		
1423	2.675		
1424	2.675		
1425	2.674		
1426	2.674		
1427	2.674		
1428	2.674		
1429	2.674		
1430	2.673		
1431	2.673		
1432	2.673		
1433	2.672		
1434	2.672		
1435	2.672		
1436	2.671		
1437	2.671		
1438	2.670		
1439	2.670		
1440	2.669		
1441	2.669		
1442	2.669		
1443	2.668		
1444	2.667		
1445	2.667		
1446	2.667		
1447	2.666		
1448	2.666		
1449	2.665		
1450	2.665		
1451	2.664		
1452	2.664		
1453	2.663		
1454	2.663		
1455	2.662		
1456	2.662		
1457	2.661		
1458	2.661		
1459	2.660		
1460	2.659		
1461	2.659		
1462	2.658		
1463	2.658		
1464	2.658		
1465	2.657		
1466	2.657		
1467	2.656		
1468	2.655		
1469	2.655		
1470	2.654		
1471	2.653		
1472	2.653		
1473	2.652		
1474	2.652		
1475	2.651		
1476	2.650		
1477	2.650		
1478	2.649		
1479	2.649		
1480	2.648		
1481	2.648		
1482	2.647		
1483	2.647		
1484	2.646		
1485	2.645		
1486	2.645		
1487	2.644		
1488	2.643		
1489	2.643		
1490	2.642		
1491	2.642		
1492	2.641		
1493	2.641		
1494	2.640		
1495	2.640		
1496	2.640		
1497	2.639		
1498	2.639		
1499	2.639		
1500	2.639		
1501	2.639		
1502	2.639		
1503	2.639		
1504	2.639		
1505	2.639		
1506	2.639		
1507	2.639		
1508	2.639		
1509	2.640		
1510	2.640		
1511	2.641		
1512	2.641		
1513	2.642		
1514	2.643		
1515	2.644		
1516	2.645		
1517	2.646		
1518	2.647		
1519	2.648		
1520	2.650		
1521	2.651		
1522	2.653		
1523	2.654		
1524	2.656		
1525	2.658		
1526	2.659		
1527	2.661		
1528	2.662		
1529	2.664		
1530	2.666		
1531	2.667		
1532	2.669		
1533	2.670		
1534	2.672		
1535	2.673		
1536	2.675		
1537	2.676		
1538	2.677		
1539	2.679		
1540	2.680		
1541	2.681		
1542	2.682		
1543	2.683		
1544	2.684		
1545	2.685		
1546	2.686		
1547	2.687		
1548	2.687		
1549	2.688		
1550	2.689		
1551	2.689		
1552	2.690		
1553	2.690		
1554	2.691		
1555	2.691		
1556	2.691		
1557	2.691		
1558	2.691		
1559	2.692		
1560	2.691		
1561	2.692		
1562	2.692		
1563	2.691		
1564	2.692		
1565	2.691		
1566	2.691		
1567	2.691		
1568	2.691		
1569	2.691		
1570	2.690		
1571	2.690		
1572	2.690		
1573	2.690		
1574	2.689		
1575	2.689		
1576	2.688		
1577	2.688		
1578	2.687		
1579	2.687		
1580	2.686		
1581	2.685		
1582	2.685		
1583	2.684		
1584	2.684		
1585	2.683		
1586	2.683		
1587	2.682		
1588	2.681		
1589	2.681		
1590	2.680		
1591	2.679		
1592	2.678		
1593	2.678		
1594	2.677		
1595	2.676		
1596	2.676		
1597	2.675		
1598	2.674		
1599	2.674		
1600	2.673		
1601	2.672		
1602	2.672		
1603	2.671		
1604	2.670		
1605	2.669		
1606	2.668		
1607	2.668		
1608	2.667		
1609	2.667		
1610	2.666		
1611	2.665		
1612	2.664		
1613	2.664		
1614	2.663		
1615	2.662		
1616	2.662		
1617	2.661		
1618	2.660		
1619	2.659		
1620	2.659		
1621	2.658		
1622	2.657		
1623	2.657		
1624	2.656		
1625	2.655		
1626	2.654		
1627	2.654		
1628	2.653		
1629	2.652		
1630	2.652		
1631	2.651		
1632	2.650		
1633	2.649		
1634	2.649		
1635	2.648		
1636	2.648		
1637	2.647		
1638	2.647		
1639	2.647		
1640	2.646		
1641	2.645		
1642	2.645		
1643	2.644		
1644	2.644		
1645	2.643		
1646	2.643		
1647	2.642		
1648	2.642		
1649	2.641		
1650	2.640		
1651	2.640		
1652	2.640		
1653	2.639		
1654	2.639		
1655	2.638		
1656	2.638		
1657	2.638		
1658	2.637		
1659	2.637		
1660	2.636		
1661	2.636		
1662	2.636		
1663	2.635		
1664	2.635		
1665	2.634		
1666	2.634		
1667	2.634		
1668	2.634		
1669	2.633		
1670	2.633		
1671	2.632		
1672	2.632		
1673	2.631		
1674	2.631		
1675	2.631		
1676	2.630		
1677	2.629		
1678	2.629		
1679	2.629		
1680	2.628		
1681	2.628		
1682	2.627		
1683	2.627		
1684	2.626		
1685	2.626		
1686	2.626		
1687	2.626		
1688	2.625		
1689	2.625		
1690	2.624		
1691	2.624		
1692	2.623		
1693	2.623		
1694	2.622		
1695	2.622		
1696	2.621		
1697	2.621		
1698	2.621		
1699	2.620		
1700	2.620		
1701	2.619		
1702	2.619		
1703	2.618		
1704	2.618		
1705	2.618		
1706	2.617		
1707	2.617		
1708	2.616		
1709	2.616		
1710	2.615		
1711	2.615		
1712	2.614		
1713	2.614		
1714	2.614		
1715	2.613		
1716	2.613		
1717	2.612		
1718	2.612		
1719	2.611		
1720	2.611		
1721	2.611		
1722	2.610		
1723	2.610		
1724	2.609		
1725	2.609		
1726	2.608		
1727	2.608		
1728	2.608		
1729	2.607		
1730	2.607		
1731	2.606		
1732	2.606		
1733	2.606		
1734	2.605		
1735	2.605		
1736	2.605		
1737	2.604		
1738	2.604		
1739	2.604		
1740	2.603		
1741	2.603		
1742	2.603		
1743	2.602		
1744	2.602		
1745	2.601		
1746	2.601		
1747	2.601		
1748	2.600		
1749	2.600		
1750	2.600		
1751	2.600		
1752	2.599		
1753	2.599		
1754	2.598		
1755	2.598		
1756	2.598		
1757	2.598		
1758	2.598		
1759	2.597		
1760	2.597		
1761	2.597		
1762	2.597		
1763	2.596		
1764	2.596		
1765	2.596		
1766	2.596		
1767	2.596		
1768	2.595		
1769	2.595		
1770	2.595		
1771	2.595		
1772	2.595		
1773	2.595		
1774	2.595		
1775	2.595		
1776	2.595		
1777	2.596		
1778	2.596		
1779	2.596		
1780	2.597		
1781	2.597		
1782	2.597		
1783	2.598		
1784	2.598		
1785	2.599		
1786	2.599		
1787	2.600		
1788	2.600		
1789	2.601		
1790	2.602		
1791	2.602		
1792	2.603		
1793	2.604		
1794	2.604		
1795	2.605		
1796	2.606		
1797	2.606		
1798	2.607		
1799	2.608		
1800	2.608		
1801	2.609		
1802	2.609		
1803	2.610		
1804	2.611		
1805	2.611		
1806	2.612		
1807	2.612		
1808	2.613		
1809	2.613		
1810	2.614		
1811	2.614		
1812	2.615		
1813	2.615		
1814	2.616		
1815	2.616		
1816	2.616		
1817	2.617		
1818	2.617		
1819	2.618		
1820	2.618		
1821	2.618		
1822	2.618		
1823	2.619		
1824	2.619		
1825	2.619		
1826	2.620		
1827	2.619		
1828	2.620		
1829	2.620		
1830	2.620		
1831	2.620		
1832	2.620		
1833	2.620		
1834	2.620		
1835	2.620		
1836	2.620		
1837	2.621		
1838	2.620		
1839	2.620		
1840	2.620		
1841	2.620		
1842	2.620		
1843	2.620		
1844	2.620		
1845	2.619		
1846	2.619		
1847	2.619		
1848	2.619		
1849	2.619		
1850	2.618		
1851	2.618		
1852	2.618		
1853	2.618		
1854	2.617		
1855	2.617		
1856	2.617		
1857	2.616		
1858	2.616		
1859	2.616		
1860	2.615		
1861	2.615		
1862	2.615		
1863	2.614		
1864	2.614		
1865	2.614		
1866	2.613		
1867	2.613		
1868	2.613		
1869	2.613		
1870	2.612		
1871	2.612		
1872	2.612		
1873	2.611		
1874	2.611		
1875	2.611		
1876	2.611		
1877	2.610		
1878	2.610		
1879	2.609		
1880	2.609		
1881	2.609		
1882	2.608		
1883	2.608		
1884	2.607		
1885	2.607		
1886	2.606		
1887	2.606		
1888	2.606		
1889	2.606		
1890	2.606		
1891	2.605		
1892	2.605		
1893	2.605		
1894	2.605		
1895	2.605		
1896	2.605		
1897	2.605		
1898	2.605		
1899	2.605		
1900	2.605		
1901	2.606		
1902	2.606		
1903	2.606		
1904	2.606		
1905	2.606		
1906	2.607		
1907	2.607		
1908	2.608		
1909	2.608		
1910	2.608		
1911	2.608		
1912	2.609		
1913	2.609		
1914	2.609		
1915	2.610		
1916	2.610		
1917	2.611		
1918	2.611		
1919	2.611		
1920	2.612		
1921	2.612		
1922	2.612		
1923	2.612		
1924	2.613		
1925	2.613		
1926	2.613		
1927	2.613		
1928	2.613		
1929	2.613		
1930	2.613		
1931	2.613		
1932	2.613		
1933	2.613		
1934	2.613		
1935	2.613		
1936	2.613		
1937	2.613		
1938	2.613		
1939	2.613		
1940	2.613		
1941	2.613		
1942	2.613		
1943	2.613		
1944	2.613		
1945	2.613		
1946	2.613		
1947	2.613		
1948	2.612		
1949	2.612		
1950	2.612		
1951	2.612		
1952	2.612		
1953	2.611		
1954	2.611		
1955	2.611		
1956	2.611		
1957	2.611		
1958	2.611		
1959	2.610		
1960	2.610		
1961	2.610		
1962	2.609		
1963	2.609		
1964	2.609		
1965	2.609		
1966	2.608		
1967	2.608		
1968	2.608		
1969	2.608		
1970	2.607		
1971	2.607		
1972	2.607		
1973	2.606		
1974	2.606		
1975	2.605		
1976	2.605		
1977	2.604		
1978	2.604		
1979	2.604		
1980	2.603		
1981	2.603		
1982	2.603		
1983	2.603		
1984	2.602		
1985	2.602		
1986	2.602		
1987	2.601		
1988	2.601		
1989	2.600		
1990	2.600		
1991	2.600		
1992	2.599		
1993	2.599		
1994	2.599		
1995	2.598		
1996	2.597		
1997	2.597		
1998	2.596		
1999	2.596		
2000	2.596		
2001	2.595		
2002	2.595		
2003	2.594		
2004	2.594		
2005	2.593		
2006	2.593		
2007	2.593		
2008	2.593		
2009	2.592		
2010	2.592		
2011	2.592		
2012	2.591		
2013	2.591		
2014	2.591		
2015	2.591		
2016	2.590		
2017	2.590		
2018	2.590		
2019	2.590		
2020	2.590		
2021	2.590		
2022	2.590		
2023	2.590		
2024	2.590		
2025	2.589		
2026	2.589		
2027	2.589		
2028	2.590		
2029	2.590		
2030	2.590		
2031	2.590		
2032	2.590		
2033	2.590		
2034	2.591		
2035	2.591		
2036	2.591		
2037	2.591		
2038	2.592		
2039	2.592		
2040	2.593		
2041	2.593		
2042	2.594		
2043	2.595		
2044	2.595		
2045	2.596		
2046	2.597		
2047	2.597		
2048	2.598		
2049	2.599		
2050	2.600		
2051	2.600		
2052	2.601		
2053	2.602		
2054	2.603		
2055	2.603		
2056	2.604		
2057	2.605		
2058	2.606		
2059	2.606		
2060	2.607		
2061	2.607		
2062	2.608		
2063	2.608		
2064	2.608		
2065	2.609		
2066	2.609		
2067	2.610		
2068	2.610		
2069	2.610		
2070	2.611		
2071	2.611		
2072	2.611		
2073	2.611		
2074	2.612		
2075	2.612		
2076	2.612		
2077	2.612		
2078	2.612		
2079	2.613		
2080	2.613		
2081	2.613		
2082	2.613		
2083	2.613		
2084	2.613		
2085	2.613		
2086	2.613		
2087	2.612		
2088	2.612		
2089	2.612		
2090	2.612		
2091	2.612		
2092	2.612		
2093	2.612		
2094	2.611		
2095	2.611		
2096	2.611		
2097	2.611		
2098	2.610		
2099	2.610		
2100	2.610		
2101	2.609		
2102	2.609		
2103	2.609		
2104	2.609		
2105	2.608		
2106	2.608		
2107	2.608		
2108	2.607		
2109	2.607		
2110	2.606		
2111	2.606		
2112	2.605		
2113	2.605		
2114	2.604		
2115	2.604		
2116	2.603		
2117	2.603		
2118	2.603		
2119	2.602		
2120	2.602		
2121	2.601		
2122	2.601		
2123	2.601		
2124	2.600		
2125	2.600		
2126	2.599		
2127	2.599		
2128	2.598		
2129	2.598		
2130	2.597		
2131	2.597		
2132	2.596		
2133	2.596		
2134	2.595		
2135	2.595		
2136	2.594		
2137	2.594		
2138	2.593		
2139	2.593		
2140	2.592		
2141	2.592		
2142	2.591		
2143	2.591		
2144	2.590		
2145	2.590		
2146	2.589		
2147	2.589		
2148	2.588		
2149	2.588		
2150	2.588		
2151	2.587		
2152	2.587		
2153	2.586		
2154	2.585		
2155	2.585		
2156	2.584		
2157	2.584		
2158	2.584		
2159	2.583		
2160	2.583		
2161	2.582		
2162	2.582		
2163	2.582		
2164	2.581		
2165	2.581		
2166	2.581		
2167	2.580		
2168	2.580		
2169	2.580		
2170	2.580		
2171	2.579		
2172	2.579	4	
2173	2.578		
2174	2.578		
2175	2.578		
2176	2.577		
2177	2.577		
2178	2.576		
2179	2.576		
2180	2.576		
2181	2.576		
2182	2.575		
2183	2.575		
2184	2.575		
2185	2.574		
2186	2.575		
2187	2.574		
2188	2.574		
2189	2.574		
2190	2.574		
2191	2.573		
2192	2.573		
2193	2.573		
2194	2.572		
2195	2.572		
2196	2.571		
2197	2.571		
2198	2.570		
2199	2.570		
2200	2.570		
2201	2.569		
2202	2.569		
2203	2.569		
2204	2.569		
2205	2.568		
2206	2.568		
2207	2.568		
2208	2.567		
2209	2.567		
2210	2.567		
2211	2.567		
2212	2.567		
2213	2.567		
2214	2.567		
2215	2.567		
2216	2.567		
2217	2.566		
2218	2.566		
2219	2.566		
2220	2.566		
2221	2.566		
2222	2.566		
2223	2.566		
2224	2.566		
2225	2.567		
2226	2.568		
2227	2.569		
2228	2.571		
2229	2.573		
2230	2.575		
2231	2.577		
2232	2.580		
2233	2.583		
2234	2.586		
2235	2.590		
2236	2.594		
2237	2.599		
2238	2.604		
2239	2.609		
2240	2.614		
2241	2.620		
2242	2.626		
2243	2.632		
2244	2.638		
2245	2.645		
2246	2.651		
2247	2.658		
2248	2.665		
2249	2.672		
2250	2.679		
2251	2.685		
2252	2.692		
2253	2.699		
2254	2.705		
2255	2.712		
2256	2.718		
2257	2.724		
2258	2.730		
2259	2.736		
2260	2.741		
2261	2.747		
2262	2.752		
2263	2.758		
2264	2.763		
2265	2.768		
2266	2.772		
2267	2.777		
2268	2.782		
2269	2.786		
2270	2.791		
2271	2.795		
2272	2.800		
2273	2.804		
2274	2.809		
2275	2.814		
2276	2.819		
2277	2.824		
2278	2.828		
2279	2.833		
2280	2.836		
2281	2.841		
2282	2.844		
2283	2.848		
2284	2.852		
2285	2.856		
2286	2.860		
2287	2.864		
2288	2.867		
2289	2.871		
2290	2.875		
2291	2.879		
2292	2.882		
2293	2.887		
2294	2.890		
2295	2.894		
2296	2.897		
2297	2.900		
2298	2.903		
2299	2.906		
2300	2.909	4	
2301	2.912		
2302	2.915		
2303	2.917		
2304	2.919		
2305	2.921		
2306	2.923		
2307	2.925		
2308	2.927		
2309	2.929		
2310	2.930		
2311	2.932		
2312	2.933		
2313	2.934		
2314	2.935		
2315	2.936		
2316	2.937		
2317	2.937		
2318	2.938		
2319	2.938		
2320	2.939		
2321	2.939		
2322	2.939		
2323	2.940		
2324	2.939		
2325	2.940		
2326	2.939		
2327	2.939		
2328	2.939		
2329	2.938		
2330	2.937		
2331	2.937		
2332	2.936		
2333	2.935		
2334	2.934		
2335	2.933		
2336	2.932		
2337	2.931		
2338	2.930		
2339	2.929		
2340	2.928		
2341	2.927		
2342	2.925		
2343	2.924		
2344	2.923		
2345	2.921		
2346	2.920		
2347	2.918		
2348	2.917		
2349	2.915		
2350	2.914		
2351	2.912		
2352	2.910		
2353	2.908		
2354	2.907		
2355	2.905		
2356	2.903		
2357	2.901		
2358	2.899		
2359	2.897		
2360	2.895		
2361	2.893		
2362	2.891		
2363	2.889		
2364	2.887		
2365	2.885		
2366	2.883		
2367	2.881		
2368	2.879		
2369	2.878		
2370	2.876		
2371	2.876		
2372	2.874		
2373	2.874		
2374	2.873		
2375	2.873		
2376	2.873		
2377	2.873		
2378	2.874		
2379	2.875		
2380	2.877		
2381	2.878		
2382	2.881		
2383	2.883		
2384	2.886		
2385	2.889		
2386	2.893		
2387	2.896		
2388	2.900		
2389	2.904		
2390	2.908		
2391	2.913		
2392	2.917		
2393	2.922		
2394	2.926		
2395	2.931		
2396	2.935		
2397	2.940		
2398	2.944		
2399	2.948		
2400	2.953		
2401	2.956		
2402	2.960		
2403	2.963		
2404	2.967		
2405	2.971		
2406	2.973		
2407	2.977		
2408	2.979		
2409	2.983		
2410	2.985		
2411	2.988		
2412	2.991		
2413	2.993		
2414	2.996		
2415	2.998		
2416	3.001		
2417	3.003		
2418	3.006		
2419	3.008		
2420	3.010		
2421	3.012		
2422	3.014		
2423	3.016		
2424	3.017		
2425	3.019		
2426	3.021		
2427	3.022		
2428	3.024		
2429	3.025		
2430	3.026		
2431	3.027		
2432	3.028		
2433	3.028		
2434	3.029		
2435	3.029		
2436	3.029		
2437	3.030		
2438	3.030		
2439	3.030		
2440	3.030		
2441	3.030		
2442	3.029		
2443	3.029		
2444	3.029		
2445	3.028		
2446	3.028		
2447	3.027		
2448	3.027		
2449	3.026		
2450	3.026		
2451	3.025		
2452	3.024		
2453	3.023		
2454	3.022		
2455	3.021		
2456	3.020		
2457	3.019		
2458	3.017		
2459	3.016		
2460	3.014		
2461	3.012		
2462	3.011		
2463	3.009		
2464	3.008		
2465	3.006		
2466	3.005		
2467	3.004		
2468	3.006		
2469	3.006		
2470	3.004		
2471	3.002		
2472	3.000		
2473	2.999		
2474	2.996		
2475	2.994		
2476	2.992		
2477	2.990		
2478	2.988		
2479	2.986		
2480	2.984		
2481	2.982		
2482	2.980		
2483	2.978		
2484	2.975		
2485	2.973		
2486	2.970		
2487	2.969		
2488	2.966		
2489	2.963		
2490	2.961		
2491	2.959		
2492	2.957		
2493	2.954		
2494	2.952		
2495	2.950		
2496	2.948		
2497	2.945		
2498	2.943		
2499	2.940		
2500	2.938		
2501	2.936		
2502	2.933		
2503	2.932		
2504	2.929		
2505	2.927		
2506	2.925		
2507	2.923		
2508	2.920		
2509	2.918		
2510	2.916		
2511	2.913		
2512	2.912		
2513	2.909		
2514	2.907		
2515	2.905		
2516	2.903		
2517	2.901		
2518	2.898		
2519	2.897		
2520	2.894		
2521	2.892		
2522	2.891		
2523	2.889		
2524	2.886		
2525	2.884		
2526	2.883		
2527	2.881		
2528	2.879		
2529	2.877		
2530	2.875		
2531	2.873		
2532	2.871		
2533	2.870		
2534	2.867		
2535	2.866		
2536	2.864		
2537	2.862		
2538	2.860		
2539	2.859		
2540	2.857		
2541	2.855		
2542	2.854		
2543	2.852		
2544	2.850		
2545	2.848		
2546	2.847		
2547	2.845		
2548	2.843		
2549	2.842		
2550	2.841		
2551	2.840		
2552	2.838		
2553	2.837		
2554	2.835		
2555	2.834		
2556	2.833		
2557	2.831		
2558	2.829		
2559	2.828		
2560	2.827		
2561	2.825		
2562	2.824		
2563	2.823		
2564	2.821		
2565	2.820		
2566	2.819		
2567	2.818		
2568	2.816		
2569	2.815		
2570	2.814		
2571	2.812		
2572	2.811		
2573	2.810		
2574	2.809		
2575	2.808		
2576	2.807		
2577	2.806		
2578	2.805		
2579	2.804		
2580	2.803		
2581	2.802		
2582	2.801		
2583	2.800		
2584	2.799		
2585	2.798		
2586	2.797		
2587	2.796		
2588	2.795		
2589	2.794		
2590	2.794		
2591	2.792		
2592	2.792		
2593	2.791		
2594	2.790		
2595	2.788		
2596	2.788		
2597	2.787		
2598	2.786		
2599	2.785		
2600	2.784		
2601	2.783		
2602	2.782		
2603	2.782		
2604	2.781		
2605	2.780		
2606	2.779		
2607	2.778		
2608	2.777		
2609	2.776		
2610	2.775		
2611	2.775		
2612	2.774		
2613	2.773		
2614	2.772		
2615	2.772		
2616	2.770		
2617	2.770		
2618	2.769		
2619	2.768		
2620	2.768		
2621	2.767		
2622	2.766		
2623	2.765		
2624	2.765		
2625	2.764		
2626	2.763		
2627	2.763		
2628	2.762		
2629	2.761		
2630	2.760		
2631	2.760		
2632	2.759		
2633	2.759		
2634	2.758		
2635	2.757		
2636	2.756		
2637	2.756		
2638	2.755		
2639	2.754		
2640	2.754		
2641	2.753		
2642	2.753		
2643	2.752		
2644	2.752		
2645	2.751		
2646	2.750		
2647	2.750		
2648	2.749		
2649	2.749		
2650	2.748		
2651	2.747		
2652	2.747		
2653	2.746		
2654	2.746		
2655	2.745		
2656	2.745		
2657	2.744		
2658	2.744		
2659	2.743		
2660	2.742		
2661	2.742		
2662	2.741		
2663	2.741		
2664	2.740		
2665	2.740		
2666	2.739		
2667	2.739		
2668	2.739		
2669	2.738		
2670	2.738		
2671	2.737		
2672	2.737		
2673	2.736		
2674	2.736		
2675	2.735		
2676	2.735		
2677	2.734		
2678	2.734		
2679	2.734		
2680	2.733		
2681	2.733		
2682	2.732		
2683	2.732		
2684	2.732		
2685	2.731		
2686	2.731		
2687	2.730		
2688	2.730		
2689	2.729		
2690	2.729		
2691	2.728		
2692	2.728		
2693	2.728		
2694	2.727		
2695	2.727		
2696	2.726		
2697	2.726		
2698	2.725		
2699	2.725		
2700	2.724		
2701	2.724		
2702	2.723		
2703	2.723		
2704	2.723		
2705	2.722		
2706	2.722		
2707	2.721		
2708	2.721		
2709	2.721		
2710	2.720		
2711	2.720		
2712	2.719		
2713	2.719		
2714	2.718		
2715	2.718		
2716	2.717		
2717	2.717		
2718	2.716		
2719	2.716		
2720	2.716		
2721	2.715		
2722	2.715		
2723	2.714		
2724	2.714		
2725	2.713		
2726	2.713		
2727	2.712		
2728	2.712		
2729	2.712		
2730	2.711		
2731	2.711		
2732	2.710		
2733	2.710		
2734	2.709		
2735	2.709		
2736	2.709		
2737	2.708		
2738	2.708		
2739	2.707		
2740	2.707		
2741	2.706		
2742	2.706		
2743	2.706		
2744	2.705		
2745	2.705		
2746	2.704		
2747	2.704		
2748	2.703		
2749	2.703		
2750	2.703		
2751	2.702		
2752	2.702		
2753	2.701		
2754	2.701		
2755	2.701		
2756	2.700		
2757	2.700		
2758	2.700		
2759	2.699		
2760	2.699		
2761	2.699		
2762	2.698		
2763	2.698		
2764	2.698		
2765	2.697		
2766	2.697		
2767	2.697		
2768	2.697		
2769	2.696		
2770	2.696		
2771	2.695		
2772	2.695		
2773	2.695		
2774	2.695		
2775	2.695		
2776	2.694		
2777	2.694		
2778	2.693		
2779	2.693		
2780	2.693		
2781	2.693		
2782	2.692		
2783	2.692		
2784	2.692		
2785	2.691		
2786	2.691		
2787	2.690		
2788	2.690		
2789	2.690		
2790	2.689		
2791	2.689		
2792	2.689		
2793	2.689		
2794	2.688		
2795	2.688		
2796	2.688		
2797	2.688		
2798	2.687		
2799	2.687		
2800	2.687		
2801	2.686		
2802	2.686		
2803	2.686		
2804	2.686		
2805	2.685		
2806	2.685		
2807	2.685		
2808	2.684		
2809	2.684		
2810	2.684		
2811	2.684		
2812	2.683		
2813	2.683		
2814	2.683		
2815	2.683		
2816	2.683		
2817	2.682		
2818	2.683		
2819	2.682		
2820	2.682		
2821	2.682		
2822	2.681		
2823	2.681		
2824	2.681		
2825	2.681		
2826	2.680		
2827	2.680		
2828	2.679		
2829	2.680		
2830	2.679		
2831	2.679		
2832	2.679		
2833	2.678		
2834	2.679		
2835	2.678		
2836	2.678		
2837	2.678		
2838	2.678		
2839	2.677		
2840	2.677		
2841	2.677		
2842	2.676		
2843	2.677		
2844	2.676		
2845	2.676		
2846	2.676		
2847	2.675		
2848	2.675		
2849	2.675		
2850	2.675		
2851	2.674		
2852	2.674		
2853	2.673		
2854	2.673		
2855	2.673		
2856	2.672		
2857	2.672		
2858	2.672		
2859	2.672		
2860	2.671		
2861	2.671		
2862	2.671		
2863	2.670		
2864	2.670		
2865	2.670		
2866	2.670		
2867	2.669		
2868	2.669		
2869	2.668		
2870	2.668		
2871	2.668		
2872	2.667		
2873	2.667		
2874	2.666		
2875	2.666		
2876	2.666		
2877	2.666		
2878	2.665		
2879	2.665		
2880	2.664		
2881	2.664		
2882	2.664		
2883	2.663		
2884	2.663		
2885	2.663		
2886	2.663		
2887	2.662		
2888	2.662		
2889	2.662		
2890	2.662		
2891	2.662		
2892	2.662		
2893	2.662		
2894	2.661		
2895	2.661		
2896	2.661		
2897	2.661		
2898	2.661		
2899	2.661		
2900	2.661		
2901	2.660		
2902	2.660		
2903	2.660		
2904	2.660		
2905	2.660		
2906	2.659		
2907	2.659		
2908	2.659		
2909	2.659		
2910	2.659		
2911	2.659		
2912	2.659		
2913	2.658		
2914	2.659		
2915	2.658		
2916	2.659		
2917	2.658		
2918	2.659		
2919	2.659		
2920	2.659		
2921	2.659		
2922	2.659		
2923	2.660		
2924	2.659		
2925	2.660		
2926	2.660		
2927	2.660		
2928	2.660		
2929	2.660		
2930	2.661		
2931	2.661		
2932	2.662		
2933	2.662		
2934	2.662		
2935	2.663		
2936	2.663		
2937	2.664		
2938	2.664		
2939	2.664		
2940	2.665		
2941	2.665		
2942	2.666		
2943	2.666		
2944	2.666		
2945	2.667		
2946	2.667		
2947	2.668		
2948	2.668		
2949	2.668		
2950	2.669		
2951	2.669		
2952	2.669		
2953	2.669		
2954	2.669		
2955	2.670		
2956	2.670		
2957	2.671		
2958	2.671		
2959	2.671		
2960	2.671		
2961	2.671		
2962	2.672		
2963	2.672		
2964	2.672		
2965	2.672		
2966	2.673		
2967	2.673		
2968	2.673		
2969	2.673		
2970	2.673		
2971	2.673		
2972	2.673		
2973	2.673		
2974	2.673		
2975	2.673		
2976	2.673		
2977	2.673		
2978	2.673		
2979	2.672		
2980	2.673		
2981	2.672		
2982	2.673		
2983	2.672		
2984	2.673		
2985	2.673		
2986	2.672		
2987	2.673		
2988	2.672		
2989	2.673		
2990	2.672		
2991	2.672		
2992	2.672		
2993	2.672		
2994	2.672		
2995	2.672		
2996	2.672		
2997	2.672		
2998	2.672		
2999	2.672		
3000	2.673		
3001	2.673		
3002	2.673		
3003	2.673		
3004	2.673		
3005	2.674		
3006	2.674		
3007	2.675		
3008	2.676		
3009	2.676		
3010	2.677		
3011	2.678		
3012	2.679		
3013	2.679		
3014	2.680		
3015	2.681		
3016	2.681		
3017	2.682		
3018	2.683		
3019	2.684		
3020	2.685		
3021	2.686		
3022	2.687		
3023	2.688		
3024	2.689		
3025	2.690		
3026	2.691		
3027	2.691		
3028	2.692		
3029	2.693		
3030	2.694		
3031	2.695		
3032	2.696		
3033	2.697		
3034	2.698		
3035	2.699		
3036	2.699		
3037	2.700		
3038	2.700		
3039	2.701		
3040	2.701		
3041	2.702		
3042	2.702		
3043	2.702		
3044	2.703		
3045	2.703		
3046	2.704		
3047	2.704		
3048	2.704		
3049	2.704		
3050	2.705		
3051	2.705		
3052	2.705		
3053	2.706		
3054	2.706		
3055	2.706		
3056	2.706		
3057	2.706		
3058	2.706		
3059	2.706		
3060	2.707		
3061	2.706		
3062	2.707		
3063	2.706		
3064	2.706		
3065	2.706		
3066	2.706		
3067	2.705		
3068	2.705		
3069	2.705		
3070	2.704		
3071	2.704		
3072	2.704		
3073	2.703		
3074	2.703		
3075	2.703		
3076	2.702		
3077	2.702		
3078	2.702		
3079	2.701		
3080	2.700		
3081	2.700		
3082	2.700		
3083	2.699		
3084	2.699		
3085	2.698		
3086	2.698		
3087	2.698		
3088	2.697		
3089	2.696		
3090	2.696		
3091	2.695		
3092	2.695		
3093	2.694		
3094	2.693		
3095	2.692		
3096	2.692		
3097	2.691		
3098	2.690		
3099	2.690		
3100	2.689		
3101	2.688		
3102	2.687		
3103	2.687		
3104	2.686		
3105	2.686		
3106	2.685		
3107	2.684		
3108	2.684		
3109	2.683		
3110	2.682		
3111	2.682		
3112	2.681		
3113	2.680		
3114	2.679		
3115	2.679		
3116	2.678		
3117	2.677		
3118	2.676		
3119	2.676		
3120	2.675		
3121	2.674		
3122	2.673		
3123	2.673		
3124	2.672		
3125	2.671		
3126	2.671		
3127	2.670		
3128	2.670		
3129	2.669		
3130	2.668		
3131	2.667		
3132	2.667		
3133	2.666		
3134	2.665		
3135	2.665		
3136	2.664		
3137	2.664		
3138	2.663		
3139	2.662		
3140	2.661		
3141	2.660		
3142	2.660		
3143	2.659		
3144	2.659		
3145	2.658		
3146	2.657		
3147	2.657		
3148	2.656		
3149	2.656		
3150	2.655		
3151	2.655		
3152	2.654		
3153	2.654		
3154	2.653		
3155	2.653		
3156	2.652		
3157	2.652		
3158	2.651		
3159	2.650		
3160	2.650		
3161	2.649		
3162	2.649		
3163	2.648		
3164	2.647		
3165	2.647		
3166	2.646		
3167	2.646		
3168	2.645		
3169	2.645		
3170	2.644		
3171	2.644		
3172	2.643		
3173	2.643		
3174	2.642		
3175	2.642		
3176	2.642		
3177	2.641		
3178	2.641		
3179	2.640		
3180	2.640		
3181	2.639		
3182	2.639		
3183	2.638		
3184	2.637		
3185	2.637		
3186	2.636		
3187	2.636		
3188	2.635		
3189	2.635		
3190	2.634		
3191	2.634		
3192	2.633		
3193	2.633		
3194	2.632		
3195	2.632		
3196	2.632		
3197	2.631		
3198	2.631		
3199	2.631		
3200	2.630		
3201	2.630		
3202	2.629		
3203	2.629		
3204	2.629		
3205	2.628		
3206	2.628		
3207	2.628		
3208	2.627		
3209	2.627		
3210	2.626		
3211	2.626		
3212	2.626		
3213	2.625		
3214	2.625		
3215	2.625		
3216	2.624		
3217	2.624		
3218	2.624		
3219	2.624		
3220	2.623		
3221	2.623		
3222	2.623		
3223	2.622		
3224	2.622		
3225	2.622		
3226	2.622		
3227	2.622		
3228	2.621		
3229	2.621		
3230	2.621		
3231	2.621		
3232	2.620		
3233	2.620		
3234	2.619		
3235	2.619		
3236	2.619		
3237	2.618		
3238	2.618		
3239	2.618		
3240	2.618		
3241	2.617		
3242	2.617		
3243	2.617		
3244	2.616		
3245	2.616		
3246	2.616		
3247	2.616		
3248	2.615		
3249	2.615		
3250	2.615		
3251	2.615		
3252	2.614		
3253	2.614		
3254	2.614		
3255	2.613		
3256	2.613		
3257	2.612		
3258	2.612		
3259	2.612		
3260	2.612		
3261	2.612		
3262	2.611		
3263	2.611		
3264	2.611		
3265	2.611		
3266	2.611		
3267	2.611		
3268	2.611		
3269	2.611		
3270	2.612		
3271	2.612		
3272	2.612		
3273	2.612		
3274	2.613		
3275	2.613		
3276	2.613		
3277	2.614		
3278	2.615		
3279	2.616		
3280	2.616		
3281	2.618		
3282	2.618		
3283	2.620		
3284	2.621		
3285	2.622		
3286	2.623		
3287	2.624		
3288	2.625		
3289	2.626		
3290	2.628		
3291	2.629		
3292	2.630		
3293	2.631		
3294	2.631		
3295	2.633		
3296	2.633		
3297	2.634		
3298	2.635		
3299	2.636		
3300	2.637		
3301	2.637		
3302	2.638		
3303	2.639		
3304	2.640		
3305	2.640		
3306	2.641		
3307	2.641		
3308	2.642		
3309	2.642		
3310	2.643		
3311	2.643		
3312	2.643		
3313	2.644		
3314	2.644		
3315	2.644		
3316	2.644		
3317	2.645		
3318	2.645		
3319	2.645		
3320	2.645		
3321	2.646		
3322	2.646	4	
3323	2.647		
3324	2.648		
3325	2.648		
3326	2.649		
3327	2.650		
3328	2.651		
3329	2.653		
3330	2.654		
3331	2.656		
3332	2.658		
3333	2.660		
3334	2.662		
3335	2.664		
3336	2.666		
3337	2.669		
3338	2.672		
3339	2.674		
3340	2.677		
3341	2.679		
3342	2.682		
3343	2.685		
3344	2.688		
3345	2.691		
3346	2.693		
3347	2.696		
3348	2.698		
3349	2.701		
3350	2.703		
3351	2.705		
3352	2.708		
3353	2.710		
3354	2.712		
3355	2.714		
3356	2.716		
3357	2.718		
3358	2.720		
3359	2.722		
3360	2.723		
3361	2.725		
3362	2.727		
3363	2.729		
3364	2.730		
3365	2.732		
3366	2.734		
3367	2.736		
3368	2.738		
3369	2.739		
3370	2.741		
3371	2.743		
3372	2.745		
3373	2.747		
3374	2.749		
3375	2.752		
3376	2.755		
3377	2.758		
3378	2.761		
3379	2.766		
3380	2.769		
3381	2.774		
3382	2.779		
3383	2.785		
3384	2.790		
3385	2.796		
3386	2.802		
3387	2.809		
3388	2.816		
3389	2.822		
3390	2.829		
3391	2.835		
3392	2.842		
3393	2.849		
3394	2.856		
3395	2.864		
3396	2.870		
3397	2.878		
3398	2.884		
3399	2.892		
3400	2.899		
3401	2.906		
3402	2.913		
3403	2.921		
3404	2.930		
3405	2.937		
3406	2.945		
3407	2.951		
3408	2.959		
3409	2.965		
3410	2.972		
3411	2.978		
3412	2.984		
3413	2.990		
3414	2.996		
3415	3.002		
3416	3.007		
3417	3.013		
3418	3.018		
3419	3.023		
3420	3.028		
3421	3.033		
3422	3.039		
3423	3.044		
3424	3.049		
3425	3.054		
3426	3.060		
3427	3.065		
3428	3.070		
3429	3.075		
3430	3.080		
3431	3.085		
3432	3.090		
3433	3.095		
3434	3.099		
3435	3.103		
3436	3.107		
3437	3.111		
3438	3.115		
3439	3.119		
3440	3.123		
3441	3.127		
3442	3.131		
3443	3.135		
3444	3.140		
3445	3.144		
3446	3.149		
3447	3.156		
3448	3.161		
3449	3.167		
3450	3.172		
3451	3.176		
3452	3.182		
3453	3.186		
3454	3.190		
3455	3.192		
3456	3.196		
3457	3.198		
3458	3.201		
3459	3.203		
3460	3.205		
3461	3.207		
3462	3.208		
3463	3.210		
3464	3.211		
3465	3.213		
3466	3.214		
3467	3.216		
3468	3.217		
3469	3.218		
3470	3.220		
3471	3.221		
3472	3.223		
3473	3.224		
3474	3.225		
3475	3.226		
3476	3.228		
3477	3.229		
3478	3.228		
3479	3.229		
3480	3.228		
3481	3.229		
3482	3.228		
3483	3.228		
3484	3.228		
3485	3.228		
3486	3.228		
3487	3.227		
3488	3.227		
3489	3.227		
3490	3.226		
3491	3.225		
3492	3.224		
3493	3.223		
3494	3.222		
3495	3.221		
3496	3.220		
3497	3.218		
3498	3.217		
3499	3.216		
3500	3.215		
3501	3.212		
3502	3.211		
3503	3.209		
3504	3.208		
3505	3.205		
3506	3.203		
3507	3.201		
3508	3.199		
3509	3.197		
3510	3.195		
3511	3.194		
3512	3.191		
3513	3.189		
3514	3.187		
3515	3.184		
3516	3.182		
3517	3.179		
3518	3.177		
3519	3.174		
3520	3.172		
3521	3.169		
3522	3.166		
3523	3.164		
3524	3.161		
3525	3.159		
3526	3.156		
3527	3.154		
3528	3.151		
3529	3.149		
3530	3.146		
3531	3.144		
3532	3.141		
3533	3.139		
3534	3.137		
3535	3.134		
3536	3.131		
3537	3.129		
3538	3.126		
3539	3.123		
3540	3.120		
3541	3.117		
3542	3.114		
3543	3.112		
3544	3.108		
3545	3.106		
3546	3.103		
3547	3.100		
3548	3.097		
3549	3.094		
3550	3.091		
3551	3.088		
3552	3.085		
3553	3.081		
3554	3.079		
3555	3.076		
3556	3.073		
3557	3.070		
3558	3.067		
3559	3.064		
3560	3.061		
3561	3.058		
3562	3.055		
3563	3.052		
3564	3.050		
3565	3.047		
3566	3.044		
3567	3.041		
3568	3.039		
3569	3.036		
3570	3.033		
3571	3.030		
3572	3.027		
3573	3.025		
3574	3.022		
3575	3.020		
3576	3.017		
3577	3.014		
3578	3.012	4	
3579	3.009		
3580	3.007		
3581	3.004		
3582	3.002		
3583	2.999		
3584	2.997		
3585	2.994		
3586	2.992		
3587	2.989		
3588	2.987		
3589	2.986		
3590	2.983		
3591	2.981		
3592	2.978		
3593	2.976		
3594	2.974		
3595	2.972		
3596	2.970		
3597	2.967		
3598	2.966		
3599	2.963		
3600	2.961		
3601	2.959		
3602	2.957		
3603	2.956		
3604	2.954		
3605	2.952		
3606	2.949		
3607	2.948		
3608	2.946		
3609	2.944		
3610	2.942		
3611	2.940		
3612	2.939		
3613	2.937		
3614	2.935		
3615	2.934		
3616	2.932		
3617	2.930		
3618	2.928		
3619	2.926		
3620	2.925		
3621	2.923		
3622	2.922		
3623	2.920		
3624	2.919		
3625	2.917		
3626	2.916		
3627	2.914		
3628	2.913		
3629	2.912		
3630	2.911		
3631	2.909		
3632	2.908		
3633	2.907		
3634	2.906		
3635	2.906		
3636	2.905		
3637	2.904		
3638	2.904		
3639	2.904		
3640	2.903		
3641	2.904		
3642	2.905		
3643	2.906		
3644	2.907		
3645	2.908		
3646	2.910		
3647	2.913		
3648	2.916		
3649	2.918		
3650	2.921		
3651	2.924		
3652	2.928		
3653	2.932		
3654	2.936		
3655	2.940		
3656	2.944		
3657	2.949		
3658	2.953		
3659	2.957		
3660	2.962		
3661	2.966		
3662	2.971		
3663	2.975		
3664	2.980		
3665	2.984		
3666	2.988		
3667	2.992		
3668	2.996		
3669	3.000		
3670	3.004		
3671	3.008		
3672	3.011		
3673	3.015		
3674	3.018		
3675	3.021		
3676	3.024		
3677	3.027		
3678	3.030		
3679	3.032		
3680	3.035		
3681	3.037		
3682	3.039		
3683	3.041		
3684	3.043		
3685	3.045		
3686	3.046		
3687	3.048		
3688	3.049		
3689	3.050		
3690	3.051		
3691	3.053		
3692	3.053		
3693	3.054		
3694	3.055		
3695	3.055		
3696	3.055		
3697	3.056		
3698	3.056		
3699	3.056		
3700	3.057		
3701	3.057		
3702	3.057		
3703	3.057		
3704	3.057		
3705	3.057		
3706	3.057		
3707	3.056		
3708	3.056		
3709	3.056		
3710	3.055		
3711	3.054		
3712	3.054		
3713	3.053		
3714	3.052		
3715	3.051		
3716	3.050		
3717	3.050		
3718	3.048		
3719	3.048		
3720	3.046		
3721	3.045		
3722	3.044		
3723	3.043		
3724	3.041		
3725	3.040		
3726	3.039		
3727	3.037		
3728	3.036		
3729	3.034		
3730	3.033		
3731	3.032		
3732	3.030		
3733	3.029		
3734	3.027		
3735	3.026		
3736	3.024		
3737	3.022		
3738	3.020		
3739	3.019		
3740	3.017		
3741	3.015		
3742	3.014		
3743	3.012		
3744	3.011		
3745	3.009		
3746	3.007		
3747	3.005		
3748	3.004		
3749	3.002		
3750	3.000		
3751	2.999		
3752	2.997		
3753	2.995		
3754	2.993		
3755	2.992		
3756	2.990		
3757	2.988		
3758	2.987		
3759	2.985		
3760	2.983		
3761	2.981		
3762	2.980		
3763	2.978		
3764	2.976		
3765	2.975		
3766	2.973		
3767	2.971		
3768	2.969		
3769	2.968		
3770	2.966		
3771	2.965		
3772	2.963		
3773	2.961		
3774	2.960		
3775	2.958		
3776	2.957		
3777	2.955		
3778	2.954		
3779	2.951		
3780	2.950		
3781	2.948		
3782	2.947		
3783	2.945		
3784	2.944		
3785	2.943		
3786	2.941		
3787	2.940		
3788	2.938		
3789	2.936		
3790	2.935		
3791	2.933		
3792	2.932		
3793	2.930		
3794	2.929		
3795	2.928		
3796	2.926		
3797	2.925		
3798	2.924		
3799	2.923		
3800	2.921		
3801	2.920		
3802	2.918		
3803	2.917		
3804	2.916		
3805	2.915		
3806	2.913		
3807	2.912		
3808	2.910		
3809	2.909		
3810	2.908		
3811	2.906		
3812	2.906		
3813	2.904		
3814	2.903		
3815	2.902		
3816	2.900		
3817	2.899		
3818	2.898		
3819	2.897		
3820	2.895		
3821	2.895		
3822	2.894		
3823	2.892		
3824	2.891		
3825	2.890		
3826	2.889		
3827	2.888		
3828	2.887		
3829	2.886		
3830	2.885		
3831	2.884		
3832	2.883		
3833	2.882		
3834	2.880		
3835	2.880		
3836	2.878		
3837	2.877		
3838	2.876		
3839	2.875		
3840	2.874		
3841	2.873		
3842	2.873		
3843	2.871		
3844	2.870		
3845	2.869		
3846	2.868		
3847	2.868		
3848	2.866		
3849	2.866		
3850	2.865		
3851	2.864		
3852	2.863		
3853	2.862		
3854	2.861		
3855	2.861		
3856	2.860		
3857	2.859		
3858	2.858		
3859	2.857		
3860	2.857		
3861	2.856		
3862	2.855		
3863	2.854		
3864	2.853		
3865	2.853		
3866	2.852		
3867	2.852		
3868	2.850		
3869	2.850		
3870	2.849		
3871	2.849		
3872	2.849		
3873	2.848		
3874	2.848		
3875	2.847		
3876	2.847		
3877	2.847		
3878	2.847		
3879	2.847		
3880	2.846		
3881	2.847		
3882	2.846		
3883	2.846		
3884	2.846		
3885	2.846		
3886	2.846		
3887	2.846		
3888	2.846		
3889	2.845		
3890	2.846		
3891	2.845		
3892	2.845		
3893	2.845		
3894	2.845		
3895	2.845		
3896	2.844		
3897	2.844		
3898	2.844		
3899	2.844		
3900	2.843		
3901	2.843		
3902	2.843		
3903	2.843		
3904	2.843		
3905	2.842		
3906	2.842		
3907	2.841		
3908	2.841		
3909	2.840		
3910	2.840		
3911	2.840		
3912	2.839		
3913	2.839		
3914	2.838		
3915	2.838		
3916	2.837		
3917	2.837		
3918	2.836		
3919	2.836		
3920	2.836		
3921	2.835		
3922	2.835		
3923	2.834		
3924	2.834		
3925	2.833		
3926	2.832		
3927	2.832		
3928	2.831		
3929	2.831		
3930	2.830		
3931	2.830		
3932	2.829		
3933	2.828		
3934	2.828		
3935	2.827		
3936	2.826		
3937	2.826		
3938	2.825		
3939	2.825		
3940	2.824		
3941	2.823		
3942	2.823		
3943	2.822		
3944	2.822		
3945	2.821		
3946	2.820		
3947	2.820		
3948	2.819		
3949	2.819		
3950	2.818		
3951	2.817		
3952	2.817		
3953	2.816		
3954	2.815		
3955	2.815		
3956	2.814		
3957	2.813		
3958	2.813		
3959	2.812		
3960	2.811		
3961	2.811		
3962	2.810		
3963	2.809		
3964	2.808		
3965	2.808		
3966	2.807		
3967	2.807		
3968	2.806		
3969	2.805		
3970	2.805		
3971	2.804		
3972	2.804		
3973	2.803		
3974	2.802		
3975	2.802		
3976	2.801		
3977	2.801		
3978	2.800		
3979	2.799		
3980	2.799		
3981	2.798		
3982	2.797		
3983	2.797		
3984	2.796		
3985	2.796		
3986	2.795		
3987	2.794		
3988	2.794		
3989	2.793		
3990	2.793		
3991	2.792		
3992	2.791		
3993	2.791		
3994	2.790		
3995	2.790		
3996	2.789		
3997	2.789		
3998	2.788		
3999	2.788		
4000	2.787		
4001	2.787		
4002	2.786		
4003	2.785		
4004	2.785		
4005	2.784		
4006	2.784		
4007	2.783		
4008	2.783		
4009	2.782		
4010	2.782		
4011	2.781		
4012	2.781		
4013	2.781		
4014	2.780		
4015	2.780		
4016	2.779		
4017	2.779		
4018	2.778		
4019	2.778		
4020	2.778		
4021	2.777		
4022	2.777		
4023	2.777		
4024	2.776		
4025	2.776		
4026	2.776		
4027	2.776		
4028	2.775		
4029	2.775		
4030	2.775		
4031	2.774		
4032	2.774		
4033	2.773		
4034	2.773		
4035	2.772		
4036	2.772		
4037	2.772		
4038	2.771		
4039	2.771		
4040	2.771		
4041	2.770		
4042	2.770		
4043	2.770		
4044	2.769		
4045	2.769		
4046	2.768		
4047	2.768		
4048	2.768		
4049	2.767		
4050	2.767		
4051	2.766		
4052	2.766		
4053	2.765		
4054	2.765		
4055	2.765		
4056	2.764		
4057	2.764		
4058	2.763		
4059	2.763		
4060	2.762		
4061	2.762		
4062	2.761		
4063	2.761		
4064	2.761		
4065	2.760		
4066	2.760		
4067	2.759		
4068	2.759		
4069	2.758		
4070	2.758		
4071	2.758		
4072	2.757		
4073	2.757		
4074	2.756		
4075	2.756		
4076	2.755		
4077	2.755		
4078	2.754		
4079	2.754		
4080	2.753		
4081	2.753		
4082	2.752		
4083	2.752		
4084	2.752		
4085	2.751		
4086	2.750		
4087	2.750		
4088	2.749		
4089	2.749		
4090	2.748	4	
4091	2.748		
4092	2.747		
4093	2.747		
4094	2.747		
4095	2.746		
4096	2.746		
4097	2.745		
4098	2.745		
4099	2.744		
4100	2.744		
4101	2.743		
4102	2.743		
4103	2.742		
4104	2.742		
4105	2.741		
4106	2.741		
4107	2.740		
4108	2.740		
4109	2.739		
4110	2.739		
4111	2.738		
4112	2.738		
4113	2.737		
4114	2.737		
4115	2.737		
4116	2.736		
4117	2.736		
4118	2.736		
4119	2.735		
4120	2.735		
4121	2.734		
4122	2.734		
4123	2.733		
4124	2.733		
4125	2.732		
4126	2.732		
4127	2.731		
4128	2.731		
4129	2.730		
4130	2.730		
4131	2.729		
4132	2.729		
4133	2.729		
4134	2.729		
4135	2.728		
4136	2.728		
4137	2.728		
4138	2.728		
4139	2.728		
4140	2.727		
4141	2.728		
4142	2.728		
4143	2.728		
4144	2.729		
4145	2.730		
4146	2.731		
4147	2.733		
4148	2.735		
4149	2.737		
4150	2.740		
4151	2.742		
4152	2.746		
4153	2.750		
4154	2.754		
4155	2.759		
4156	2.764		
4157	2.770		
4158	2.775		
4159	2.782		
4160	2.788		
4161	2.795		
4162	2.802		
4163	2.809		
4164	2.816		
4165	2.824		
4166	2.832		
4167	2.839		
4168	2.848		
4169	2.856		
4170	2.864		
4171	2.872		
4172	2.880		
4173	2.888		
4174	2.896		
4175	2.904		
4176	2.911		
4177	2.918		
4178	2.925		
4179	2.931		
4180	2.937		
4181	2.943		
4182	2.949		
4183	2.954		
4184	2.960		
4185	2.966		
4186	2.971		
4187	2.977		
4188	2.982		
4189	2.988		
4190	2.993		
4191	2.999		
4192	3.003		
4193	3.009		
4194	3.014		
4195	3.019		
4196	3.023		
4197	3.028		
4198	3.033		
4199	3.037		
4200	3.042		
4201	3.046		
4202	3.051		
4203	3.055		
4204	3.059		
4205	3.063		
4206	3.067		
4207	3.071		
4208	3.074		
4209	3.078		
4210	3.081		
4211	3.085		
4212	3.088		
4213	3.091		
4214	3.094		
4215	3.096		
4216	3.099		
4217	3.101		
4218	3.103		
4219	3.105		
4220	3.107		
4221	3.108		
4222	3.110		
4223	3.112		
4224	3.113		
4225	3.114		
4226	3.115		
4227	3.116		
4228	3.117		
4229	3.118		
4230	3.119		
4231	3.119		
4232	3.120		
4233	3.120		
4234	3.121		
4235	3.121		
4236	3.122		
4237	3.122		
4238	3.121		
4239	3.121		
4240	3.120		
4241	3.120		
4242	3.119		
4243	3.118		
4244	3.117		
4245	3.116		
4246	3.116		
4247	3.114		
4248	3.113		
4249	3.112		
4250	3.111		
4251	3.109		
4252	3.107		
4253	3.106		
4254	3.104		
4255	3.103		
4256	3.101		
4257	3.099		
4258	3.097		
4259	3.095		
4260	3.094		
4261	3.091		
4262	3.090		
4263	3.087		
4264	3.085		
4265	3.082		
4266	3.080		
4267	3.077		
4268	3.075		
4269	3.073		
4270	3.070		
4271	3.068		
4272	3.065		
4273	3.063		
4274	3.060		
4275	3.058		
4276	3.055		
4277	3.052		
4278	3.050		
4279	3.047		
4280	3.045		
4281	3.042		
4282	3.040		
4283	3.037		
4284	3.035		
4285	3.032		
4286	3.029		
4287	3.028		
4288	3.025		
4289	3.022		
4290	3.019		
4291	3.017		
4292	3.014		
4293	3.011		
4294	3.009		
4295	3.006		
4296	3.003		
4297	3.000		
4298	2.998		
4299	2.995		
4300	2.993		
4301	2.991		
4302	2.988		
4303	2.986		
4304	2.983		
4305	2.981		
4306	2.978		
4307	2.976		
4308	2.974		
4309	2.971		
4310	2.969		
4311	2.966		
4312	2.964		
4313	2.962		
4314	2.960		
4315	2.957		
4316	2.955		
4317	2.953		
4318	2.951		
4319	2.949		
4320	2.946		
4321	2.944		
4322	2.942		
4323	2.940		
4324	2.938		
4325	2.936		
4326	2.934		
4327	2.931		
4328	2.930		
4329	2.927		
4330	2.926		
4331	2.924		
4332	2.922		
4333	2.920		
4334	2.918		
4335	2.916		
4336	2.914		
4337	2.913		
4338	2.911		
4339	2.909		
4340	2.907		
4341	2.905		
4342	2.904		
4343	2.902		
4344	2.901		
4345	2.898		
4346	2.897		
4347	2.896		
4348	2.894		
4349	2.892		
4350	2.891		
4351	2.890		
4352	2.887		
4353	2.886		
4354	2.885		
4355	2.883		
4356	2.882		
4357	2.880		
4358	2.879		
4359	2.877		
4360	2.876		
4361	2.875		
4362	2.874		
4363	2.872		
4364	2.871		
4365	2.870		
4366	2.868		
4367	2.867		
4368	2.865		
4369	2.864		
4370	2.863		
4371	2.862		
4372	2.860		
4373	2.859		
4374	2.858		
4375	2.856		
4376	2.856		
4377	2.854		
4378	2.853		
4379	2.852		
4380	2.851		
4381	2.850		
4382	2.849		
4383	2.848		
4384	2.847		
4385	2.846		
4386	2.845		
4387	2.844		
4388	2.843		
4389	2.842		
4390	2.841		
4391	2.840		
4392	2.839		
4393	2.838		
4394	2.838		
4395	2.837		
4396	2.836		
4397	2.835		
4398	2.835		
4399	2.834		
4400	2.833		
4401	2.833		
4402	2.832		
4403	2.832		
4404	2.831		
4405	2.830		
4406	2.830		
4407	2.829		
4408	2.829		
4409	2.828		
4410	2.828		
4411	2.827		
4412	2.827		
4413	2.826		
4414	2.826		
4415	2.826		
4416	2.825		
4417	2.825		
4418	2.824		
4419	2.824		
4420	2.824		
4421	2.824		
4422	2.824		
4423	2.823		
4424	2.824		
4425	2.823		
4426	2.823		
4427	2.823		
4428	2.823		
4429	2.823		
4430	2.822		
4431	2.822		
4432	2.822		
4433	2.822		
4434	2.821		
4435	2.821		
4436	2.821		
4437	2.820		
4438	2.820		
4439	2.820		
4440	2.820		
4441	2.819		
4442	2.819		
4443	2.819		
4444	2.818		
4445	2.818		
4446	2.818		
4447	2.818		
4448	2.817		
4449	2.817		
4450	2.817		
4451	2.816		
4452	2.816		
4453	2.815		
4454	2.815		
4455	2.815		
4456	2.815		
4457	2.814		
4458	2.813		
4459	2.813		
4460	2.813		
4461	2.812		
4462	2.811		
4463	2.811		
4464	2.810		
4465	2.810		
4466	2.809		
4467	2.809		
4468	2.808		
4469	2.808		
4470	2.807		
4471	2.807		
4472	2.807		
4473	2.806		
4474	2.806		
4475	2.805		
4476	2.805		
4477	2.804		
4478	2.804		
4479	2.803		
4480	2.802		
4481	2.802		
4482	2.801		
4483	2.801		
4484	2.800		
4485	2.800		
4486	2.799		
4487	2.799		
4488	2.798		
4489	2.797		
4490	2.797		
4491	2.796		
4492	2.796		
4493	2.795		
4494	2.795		
4495	2.794		
4496	2.794		
4497	2.794		
4498	2.793		
4499	2.792		
4500	2.792		
4501	2.791		
4502	2.791		
4503	2.790		
4504	2.790		
4505	2.789		
4506	2.789		
4507	2.788		
4508	2.788		
4509	2.787		
4510	2.787		
4511	2.786		
4512	2.785		
4513	2.785		
4514	2.784		
4515	2.784		
4516	2.783		
4517	2.783		
4518	2.782		
4519	2.782		
4520	2.781		
4521	2.780		
4522	2.780		
4523	2.780		
4524	2.779		
4525	2.779		
4526	2.778		
4527	2.778		
4528	2.777		
4529	2.777		
4530	2.776		
4531	2.776		
4532	2.775		
4533	2.775		
4534	2.774		
4535	2.773		
4536	2.773		
4537	2.772		
4538	2.772		
4539	2.771		
4540	2.771		
4541	2.770		
4542	2.770		
4543	2.769		
4544	2.769		
4545	2.769		
4546	2.768		
4547	2.768		
4548	2.767		
4549	2.767		
4550	2.766		
4551	2.766		
4552	2.766		
4553	2.765		
4554	2.765		
4555	2.764		
4556	2.764		
4557	2.763		
4558	2.763		
4559	2.762		
4560	2.762		
4561	2.761		
4562	2.760		
4563	2.760		
4564	2.760		
4565	2.759		
4566	2.759		
4567	2.758		
4568	2.758		
4569	2.757		
4570	2.757		
4571	2.757		
4572	2.756		
4573	2.756		
4574	2.755		
4575	2.755		
4576	2.755		
4577	2.754		
4578	2.753		
4579	2.753		
4580	2.752		
4581	2.752		
4582	2.752		
4583	2.751		
4584	2.751		
4585	2.750		
4586	2.750		
4587	2.750		
4588	2.750		
4589	2.749		
4590	2.749		
4591	2.749		
4592	2.748		
4593	2.748		
4594	2.748		
4595	2.748		
4596	2.747		
4597	2.747		
4598	2.747		
4599	2.746		
4600	2.746		
4601	2.745		
4602	2.745		
4603	2.745		
4604	2.745		
4605	2.744		
4606	2.744		
4607	2.744		
4608	2.743		
4609	2.743		
4610	2.742		
4611	2.742		
4612	2.742		
4613	2.742		
4614	2.741		
4615	2.741		
4616	2.741		
4617	2.741		
4618	2.740		
4619	2.740		
4620	2.740		
4621	2.739		
4622	2.739		
4623	2.739		
4624	2.738		
4625	2.738		
4626	2.737		
4627	2.737		
4628	2.737		
4629	2.737		
4630	2.736		
4631	2.736		
4632	2.736		
4633	2.735		
4634	2.735		
4635	2.734		
4636	2.734		
4637	2.734		
4638	2.734		
4639	2.733		
4640	2.733		
4641	2.733		
4642	2.732		
4643	2.732		
4644	2.732		
4645	2.732		
4646	2.731		
4647	2.731		
4648	2.731		
4649	2.730		
4650	2.730		
4651	2.729		
4652	2.729		
4653	2.729		
4654	2.728		
4655	2.728		
4656	2.727		
4657	2.727		
4658	2.727		
4659	2.727		
4660	2.726		
4661	2.726		
4662	2.725		
4663	2.725		
4664	2.725		
4665	2.724		
4666	2.724		
4667	2.724		
4668	2.724		
4669	2.723		
4670	2.723		
4671	2.723		
4672	2.722		
4673	2.722		
4674	2.722		
4675	2.722		
4676	2.721		
4677	2.721		
4678	2.720		
4679	2.720		
4680	2.720		
4681	2.719		
4682	2.719		
4683	2.718		
4684	2.718		
4685	2.718		
4686	2.717		
4687	2.717		
4688	2.717		
4689	2.716		
4690	2.716		
4691	2.716		
4692	2.715		
4693	2.715		
4694	2.715		
4695	2.715		
4696	2.715		
4697	2.714		
4698	2.714		
4699	2.714		
4700	2.714		
4701	2.713		
4702	2.713		
4703	2.712		
4704	2.712		
4705	2.712		
4706	2.711		
4707	2.711		
4708	2.710		
4709	2.711		
4710	2.710		
4711	2.710		
4712	2.710		
4713	2.710		
4714	2.710		
4715	2.710		
4716	2.711		
4717	2.711		
4718	2.711		
4719	2.711		
4720	2.712		
4721	2.712		
4722	2.713		
4723	2.714		
4724	2.714		
4725	2.715		
4726	2.715		
4727	2.716		
4728	2.716		
4729	2.717		
4730	2.718		
4731	2.719		
4732	2.720		
4733	2.720		
4734	2.721		
4735	2.722		
4736	2.723		
4737	2.723		
4738	2.724		
4739	2.725		
4740	2.725		
4741	2.726		
4742	2.727		
4743	2.727		
4744	2.728		
4745	2.728		
4746	2.729		
4747	2.729		
4748	2.730		
4749	2.730		
4750	2.731		
4751	2.731		
4752	2.731		
4753	2.732		
4754	2.732		
4755	2.733		
4756	2.733		
4757	2.733		
4758	2.733		
4759	2.734		
4760	2.734		
4761	2.734		
4762	2.735		
4763	2.735		
4764	2.735		
4765	2.735		
4766	2.735		
4767	2.735		
4768	2.735		
4769	2.735		
4770	2.735		
4771	2.735		
4772	2.735		
4773	2.735		
4774	2.735		
4775	2.735		
4776	2.735		
4777	2.735		
4778	2.735		
4779	2.734		
4780	2.734		
4781	2.734		
4782	2.734		
4783	2.734		
4784	2.734		
4785	2.734		
4786	2.733		
4787	2.733		
4788	2.733		
4789	2.733		
4790	2.732		
4791	2.732		
4792	2.731		
4793	2.731		
4794	2.731		
4795	2.730		
4796	2.730		
4797	2.729		
4798	2.729		
4799	2.728		
4800	2.728		
4801	2.728		
4802	2.727		
4803	2.727		
4804	2.726		
4805	2.726		
4806	2.726		
4807	2.725		
4808	2.725		
4809	2.724		
4810	2.724		
4811	2.724		
4812	2.723		
4813	2.723		
4814	2.723		
4815	2.722		
4816	2.722		
4817	2.721		
4818	2.720		
4819	2.720		
4820	2.719		
4821	2.719		
4822	2.718		
4823	2.718		
4824	2.717		
4825	2.717		
4826	2.716		
4827	2.716		
4828	2.715		
4829	2.715		
4830	2.715		
4831	2.714		
4832	2.714		
4833	2.714		
4834	2.713		
4835	2.713		
4836	2.713		
4837	2.712		
4838	2.712		
4839	2.712		
4840	2.712		
4841	2.712		
4842	2.711		
4843	2.711		
4844	2.711		
4845	2.710		
4846	2.711		
4847	2.710		
4848	2.710		
4849	2.710		
4850	2.710		
4851	2.710		
4852	2.710		
4853	2.710		
4854	2.710		
4855	2.710		
4856	2.710		
4857	2.710		
4858	2.710		
4859	2.710		
4860	2.710		
4861	2.710		
4862	2.710		
4863	2.710		
4864	2.710		
4865	2.710		
4866	2.710		
4867	2.710		
4868	2.710		
4869	2.710		
4870	2.710		
4871	2.710		
4872	2.709		
4873	2.709		
4874	2.709		
4875	2.709		
4876	2.709		
4877	2.709		
4878	2.709		
4879	2.709		
4880	2.709		
4881	2.709		
4882	2.709		
4883	2.710		
4884	2.709		
4885	2.710		
4886	2.710		
4887	2.710		
4888	2.710		
4889	2.711		
4890	2.711		
4891	2.711		
4892	2.711		
4893	2.711		
4894	2.712		
4895	2.711		
4896	2.712		
4897	2.712		
4898	2.712		
4899	2.712		
4900	2.712		
4901	2.712		
4902	2.712		
4903	2.712		
4904	2.712		
4905	2.712		
4906	2.712		
4907	2.712		
4908	2.712		
4909	2.711		
4910	2.712		
4911	2.711		
4912	2.711		
4913	2.711		
4914	2.711		
4915	2.711		
4916	2.711		
4917	2.711		
4918	2.710		
4919	2.710		
4920	2.710		
4921	2.710		
4922	2.709		
4923	2.709		
4924	2.709		
4925	2.708		
4926	2.708		
4927	2.708		
4928	2.708		
4929	2.707		
4930	2.707		
4931	2.707		
4932	2.707		
4933	2.707		
4934	2.706		
4935	2.706		
4936	2.705		
4937	2.705		
4938	2.705		
4939	2.704		
4940	2.704		
4941	2.703		
4942	2.703		
4943	2.702		
4944	2.702		
4945	2.702		
4946	2.701		
4947	2.701		
4948	2.700		
4949	2.700		
4950	2.699		
4951	2.699		
4952	2.699		
4953	2.698		
4954	2.698		
4955	2.697		
4956	2.697		
4957	2.696		
4958	2.696		
4959	2.696		
4960	2.696		
4961	2.695		
4962	2.695		
4963	2.694		
4964	2.694		
4965	2.693		
4966	2.693		
4967	2.692		
4968	2.692		
4969	2.691		
4970	2.691		
4971	2.690		
4972	2.690		
4973	2.689		
4974	2.689		
4975	2.688		
4976	2.688		
4977	2.688		
4978	2.687		
4979	2.687		
4980	2.686		
4981	2.686		
4982	2.685		
4983	2.685		
4984	2.685		
4985	2.685		
4986	2.684		
4987	2.684		
4988	2.683		
4989	2.683		
4990	2.682		
4991	2.682		
4992	2.681		
4993	2.681		
4994	2.680		
4995	2.680		
4996	2.680		
4997	2.680		
4998	2.679		
4999	2.679		
5000	2.679		
5001	2.679		
5002	2.678		
5003	2.678		
5004	2.678		
5005	2.678		
5006	2.678		
5007	2.678		
5008	2.678		
5009	2.677		
5010	2.677		
5011	2.677		
5012	2.677		
5013	2.677		
5014	2.676		
5015	2.677		
5016	2.676		
5017	2.676		
5018	2.675		
5019	2.675		
5020	2.675		
5021	2.674		
5022	2.674		
5023	2.674		
5024	2.674		
5025	2.674		
5026	2.674		
5027	2.673		
5028	2.673		
5029	2.673		
5030	2.673		
5031	2.673		
5032	2.673		
5033	2.673		
5034	2.672		
5035	2.672		
5036	2.672		
5037	2.672		
5038	2.672		
5039	2.672		
5040	2.672		
5041	2.671		
5042	2.671		
5043	2.671		
5044	2.670		
5045	2.670		
5046	2.670		
5047	2.670		
5048	2.670		
5049	2.670		
5050	2.669		
5051	2.669		
5052	2.669		
5053	2.669		
5054	2.669		
5055	2.669		
5056	2.669		
5057	2.669		
5058	2.669		
5059	2.668		
5060	2.668		
5061	2.668		
5062	2.668		
5063	2.668		
5064	2.668		
5065	2.668		
5066	2.667		
5067	2.666		
5068	2.666		
5069	2.666		
5070	2.666		
5071	2.665		
5072	2.665		
5073	2.665		
5074	2.665		
5075	2.664		
5076	2.664		
5077	2.664		
5078	2.663		
5079	2.664		
5080	2.663		
5081	2.663		
5082	2.663		
5083	2.663		
5084	2.663		
5085	2.662		
5086	2.662		
5087	2.662		
5088	2.661		
5089	2.661		
5090	2.660		
5091	2.660		
5092	2.660		
5093	2.659		
5094	2.659		
5095	2.659		
5096	2.658		
5097	2.658		
5098	2.658		
5099	2.658		
5100	2.657		
5101	2.657		
5102	2.657		
5103	2.657		
5104	2.657		
5105	2.656		
5106	2.657		
5107	2.656		
5108	2.656		
5109	2.656		
5110	2.656		
5111	2.656		
5112	2.656		
5113	2.657	4	
5114	2.657		
5115	2.658		
5116	2.658		
5117	2.659		
5118	2.660		
5119	2.661		
5120	2.662		
5121	2.663		
5122	2.665		
5123	2.666		
5124	2.668		
5125	2.670		
5126	2.671		
5127	2.673		
5128	2.675		
5129	2.677		
5130	2.679		
5131	2.681		
5132	2.683		
5133	2.685		
5134	2.687		
5135	2.689		
5136	2.692		
5137	2.694		
5138	2.697		
5139	2.700		
5140	2.702		
5141	2.705		
5142	2.708		
5143	2.711		
5144	2.714		
5145	2.718		
5146	2.721		
5147	2.724		
5148	2.728		
5149	2.731		
5150	2.734		
5151	2.737		
5152	2.741		
5153	2.744		
5154	2.748		
5155	2.751		
5156	2.754		
5157	2.758		
5158	2.761		
5159	2.764		
5160	2.767		
5161	2.770		
5162	2.773		
5163	2.777		
5164	2.780		
5165	2.783		
5166	2.786		
5167	2.789		
5168	2.793		
5169	2.796		
5170	2.799		
5171	2.803		
5172	2.806		
5173	2.810		
5174	2.813		
5175	2.817		
5176	2.822		
5177	2.826		
5178	2.830		
5179	2.835		
5180	2.839		
5181	2.844		
5182	2.849		
5183	2.854		
5184	2.859		
5185	2.864		
5186	2.870		
5187	2.874		
5188	2.880		
5189	2.885		
5190	2.890		
5191	2.895		
5192	2.899		
5193	2.904		
5194	2.909		
5195	2.914		
5196	2.918		
5197	2.922		
5198	2.925		
5199	2.929		
5200	2.933		
5201	2.937		
5202	2.940		
5203	2.944		
5204	2.947		
5205	2.951		
5206	2.955		
5207	2.958		
5208	2.961		
5209	2.965		
5210	2.968		
5211	2.971		
5212	2.973		
5213	2.976		
5214	2.979		
5215	2.981		
5216	2.984		
5217	2.986		
5218	2.988		
5219	2.989		
5220	2.991		
5221	2.992		
5222	2.994		
5223	2.995		
5224	2.996		
5225	2.998		
5226	2.998		
5227	2.999		
5228	2.999		
5229	3.001		
5230	3.001		
5231	3.001		
5232	3.002		
5233	3.002		
5234	3.002		
5235	3.002		
5236	3.003		
5237	3.002		
5238	3.002		
5239	3.001		
5240	3.001		
5241	3.000	4	
5242	2.999		
5243	2.998		
5244	2.997		
5245	2.996		
5246	2.994		
5247	2.992		
5248	2.991		
5249	2.989		
5250	2.988		
5251	2.986		
5252	2.985		
5253	2.983		
5254	2.981		
5255	2.979		
5256	2.978		
5257	2.976		
5258	2.974		
5259	2.972		
5260	2.970		
5261	2.968		
5262	2.966		
5263	2.964		
5264	2.962		
5265	2.960		
5266	2.958		
5267	2.956		
5268	2.954		
5269	2.952		
5270	2.950		
5271	2.947		
5272	2.945		
5273	2.943		
5274	2.941		
5275	2.939		
5276	2.936		
5277	2.934		
5278	2.932		
5279	2.930		
5280	2.927		
5281	2.925		
5282	2.923		
5283	2.921		
5284	2.919		
5285	2.916		
5286	2.914		
5287	2.912		
5288	2.910		
5289	2.908		
5290	2.906		
5291	2.904		
5292	2.902		
5293	2.899		
5294	2.897		
5295	2.895		
5296	2.894		
5297	2.892		
5298	2.891		
5299	2.889		
5300	2.888		
5301	2.887		
5302	2.886		
5303	2.886		
5304	2.886		
5305	2.886		
5306	2.887		
5307	2.888		
5308	2.889		
5309	2.891		
5310	2.893		
5311	2.896		
5312	2.899		
5313	2.902		
5314	2.905		
5315	2.909		
5316	2.913		
5317	2.917		
5318	2.922		
5319	2.927		
5320	2.932		
5321	2.937		
5322	2.942		
5323	2.948		
5324	2.953		
5325	2.959		
5326	2.964		
5327	2.970		
5328	2.975		
5329	2.981		
5330	2.986		
5331	2.992		
5332	2.997		
5333	3.002		
5334	3.007		
5335	3.012		
5336	3.017		
5337	3.021		
5338	3.025		
5339	3.030		
5340	3.034		
5341	3.038		
5342	3.042		
5343	3.045		
5344	3.049		
5345	3.053		
5346	3.057		
5347	3.061		
5348	3.065		
5349	3.068		
5350	3.073		
5351	3.077		
5352	3.081		
5353	3.085		
5354	3.088		
5355	3.093		
5356	3.096		
5357	3.100		
5358	3.104		
5359	3.108		
5360	3.111		
5361	3.116		
5362	3.122		
5363	3.125		
5364	3.129		
5365	3.133		
5366	3.137		
5367	3.141		
5368	3.145		
5369	3.149		
5370	3.153		
5371	3.156		
5372	3.159		
5373	3.162		
5374	3.165		
5375	3.167		
5376	3.169		
5377	3.171		
5378	3.173		
5379	3.175		
5380	3.177		
5381	3.178		
5382	3.180		
5383	3.181		
5384	3.183		
5385	3.184		
5386	3.185		
5387	3.186		
5388	3.187		
5389	3.188		
5390	3.188		
5391	3.189		
5392	3.189		
5393	3.190		
5394	3.190		
5395	3.190		
5396	3.191		
5397	3.191		
5398	3.192		
5399	3.191		
5400	3.190		
5401	3.190		
5402	3.189		
5403	3.189		
5404	3.188		
5405	3.188		
5406	3.186		
5407	3.185		
5408	3.184		
5409	3.183		
5410	3.182		
5411	3.181		
5412	3.180		
5413	3.178		
5414	3.177		
5415	3.175		
5416	3.173		
5417	3.172		
5418	3.170		
5419	3.169		
5420	3.167		
5421	3.166		
5422	3.163		
5423	3.162		
5424	3.159		
5425	3.157		
5426	3.155		
5427	3.152		
5428	3.151		
5429	3.149		
5430	3.147		
5431	3.144		
5432	3.142		
5433	3.140		
5434	3.137		
5435	3.135		
5436	3.132		
5437	3.130		
5438	3.126		
5439	3.124		
5440	3.121		
5441	3.119		
5442	3.116		
5443	3.113		
5444	3.111		
5445	3.108		
5446	3.106		
5447	3.103		
5448	3.100		
5449	3.097		
5450	3.094		
5451	3.092		
5452	3.089		
5453	3.086		
5454	3.083		
5455	3.081		
5456	3.078		
5457	3.076		
5458	3.073		
5459	3.070		
5460	3.068		
5461	3.065		
5462	3.063		
5463	3.060		
5464	3.057		
5465	3.055		
5466	3.052		
5467	3.050		
5468	3.047		
5469	3.045		
5470	3.042		
5471	3.040		
5472	3.037		
5473	3.035		
5474	3.033		
5475	3.030		
5476	3.028		
5477	3.025		
5478	3.023		
5479	3.021		
5480	3.018		
5481	3.016		
5482	3.014		
5483	3.012		
5484	3.010		
5485	3.009		
5486	3.006		
5487	3.005		
5488	3.003		
5489	3.001		
5490	2.999		
5491	2.998		
5492	2.996		
5493	2.994		
5494	2.993		
5495	2.991		
5496	2.990		
5497	2.989		
5498	2.987		
5499	2.986		
5500	2.985		
5501	2.984		
5502	2.982		
5503	2.981		
5504	2.980		
5505	2.979		
5506	2.978		
5507	2.977		
5508	2.976		
5509	2.974		
5510	2.973		
5511	2.972		
5512	2.971		
5513	2.970		
5514	2.969		
5515	2.968		
5516	2.967		
5517	2.966		
5518	2.965		
5519	2.964		
5520	2.963		
5521	2.962		
5522	2.961		
5523	2.960		
5524	2.959		
5525	2.958		
5526	2.958		
5527	2.956		
5528	2.956		
5529	2.954		
5530	2.953		
5531	2.952		
5532	2.951		
5533	2.950		
5534	2.949		
5535	2.948		
5536	2.946		
5537	2.946		
5538	2.945		
5539	2.943		
5540	2.943		
5541	2.941		
5542	2.941		
5543	2.940		
5544	2.939		
5545	2.938		
5546	2.937		
5547	2.936		
5548	2.935		
5549	2.934		
5550	2.933		
5551	2.932		
5552	2.931		
5553	2.930		
5554	2.929		
5555	2.928		
5556	2.927		
5557	2.926		
5558	2.925		
5559	2.924		
5560	2.923		
5561	2.922		
5562	2.921		
5563	2.920		
5564	2.919		
5565	2.918		
5566	2.917		
5567	2.916		
5568	2.915		
5569	2.914		
5570	2.913		
5571	2.912		
5572	2.911		
5573	2.910		
5574	2.909		
5575	2.908		
5576	2.908		
5577	2.906		
5578	2.906		
5579	2.905		
5580	2.904		
5581	2.903		
5582	2.902		
5583	2.902		
5584	2.901		
5585	2.900		
5586	2.900		
5587	2.899		
5588	2.898		
5589	2.897		
5590	2.897		
5591	2.896		
5592	2.895		
5593	2.894		
5594	2.894		
5595	2.893		
5596	2.892		
5597	2.892		
5598	2.891		
5599	2.891		
5600	2.890		
5601	2.890		
5602	2.889		
5603	2.888		
5604	2.888		
5605	2.887		
5606	2.887		
5607	2.886		
5608	2.886		
5609	2.885		
5610	2.884		
5611	2.884		
5612	2.883		
5613	2.883		
5614	2.882		
5615	2.881		
5616	2.880		
5617	2.880		
5618	2.879		
5619	2.879		
5620	2.878		
5621	2.877		
5622	2.877		
5623	2.876		
5624	2.876		
5625	2.875		
5626	2.875		
5627	2.874		
5628	2.873		
5629	2.873		
5630	2.872		
5631	2.872		
5632	2.871		
5633	2.870		
5634	2.870		
5635	2.869		
5636	2.868		
5637	2.868		
5638	2.867		
5639	2.866		
5640	2.866		
5641	2.865		
5642	2.865		
5643	2.864		
5644	2.863		
5645	2.863		
5646	2.862		
5647	2.862		
5648	2.861		
5649	2.861		
5650	2.860		
5651	2.859		
5652	2.859		
5653	2.858		
5654	2.858		
5655	2.857		
5656	2.857		
5657	2.856		
5658	2.856		
5659	2.855		
5660	2.854		
5661	2.854		
5662	2.853		
5663	2.853		
5664	2.852		
5665	2.852		
5666	2.851		
5667	2.850		
5668	2.850		
5669	2.849		
5670	2.849		
5671	2.848		
5672	2.848		
5673	2.848		
5674	2.848		
5675	2.847		
5676	2.847		
5677	2.847		
5678	2.846		
5679	2.846		
5680	2.845		
5681	2.845		
5682	2.845		
5683	2.844		
5684	2.844		
5685	2.843		
5686	2.843		
5687	2.842		
5688	2.842		
5689	2.842		
5690	2.841		
5691	2.841		
5692	2.840		
5693	2.840		
5694	2.840		
5695	2.840		
5696	2.839		
5697	2.839		
5698	2.838		
5699	2.838		
5700	2.838		
5701	2.837		
5702	2.837		
5703	2.836		
5704	2.836		
5705	2.836		
5706	2.835		
5707	2.835		
5708	2.834		
5709	2.834		
5710	2.833		
5711	2.833		
5712	2.832		
5713	2.832		
5714	2.831		
5715	2.831		
5716	2.831		
5717	2.830		
5718	2.830		
5719	2.829		
5720	2.829		
5721	2.828		
5722	2.828		
5723	2.828		
5724	2.828		
5725	2.827		
5726	2.826		
5727	2.826		
5728	2.825		
5729	2.825		
5730	2.824		
5731	2.824		
5732	2.824		
5733	2.823		
5734	2.823		
5735	2.822		
5736	2.822		
5737	2.822		
5738	2.822		
5739	2.821		
5740	2.821		
5741	2.821		
5742	2.821		
5743	2.821		
5744	2.820		
5745	2.821		
5746	2.820		
5747	2.820		
5748	2.820		
5749	2.819		
5750	2.820		
5751	2.819		
5752	2.819		
5753	2.819	4	
5754	2.819		
5755	2.818		
5756	2.818		
5757	2.819		
5758	2.818		
5759	2.818		
5760	2.818		
5761	2.818		
5762	2.818		
5763	2.818		
5764	2.818		
5765	2.818		
5766	2.818		
5767	2.817		
5768	2.817		
5769	2.817		
5770	2.817		
5771	2.816		
5772	2.816		
5773	2.816		
5774	2.816		
5775	2.816		
5776	2.815		
5777	2.815		
5778	2.814		
5779	2.814		
5780	2.814		
5781	2.814		
5782	2.814		
5783	2.813		
5784	2.813		
5785	2.813		
5786	2.812		
5787	2.812		
5788	2.812		
5789	2.812		
5790	2.811		
5791	2.811		
5792	2.810		
5793	2.810		
5794	2.810		
5795	2.809		
5796	2.809		
5797	2.809		
5798	2.808		
5799	2.808		
5800	2.808		
5801	2.807		
5802	2.807		
5803	2.806		
5804	2.806		
5805	2.806		
5806	2.805		
5807	2.805		
5808	2.804		
5809	2.805		
5810	2.804		
5811	2.804		
5812	2.804		
5813	2.804		
5814	2.805		
5815	2.805		
5816	2.806		
5817	2.806		
5818	2.807		
5819	2.808		
5820	2.809		
5821	2.811		
5822	2.813		
5823	2.815		
5824	2.817		
5825	2.820		
5826	2.823		
5827	2.827		
5828	2.830		
5829	2.834		
5830	2.837		
5831	2.842		
5832	2.846		
5833	2.850		
5834	2.855		
5835	2.859		
5836	2.864		
5837	2.869		
5838	2.873		
5839	2.878		
5840	2.883		
5841	2.888		
5842	2.892		
5843	2.897		
5844	2.902		
5845	2.906		
5846	2.911		
5847	2.915		
5848	2.920		
5849	2.924		
5850	2.928		
5851	2.932		
5852	2.936		
5853	2.939		
5854	2.943		
5855	2.946		
5856	2.949		
5857	2.953		
5858	2.956		
5859	2.959		
5860	2.961		
5861	2.964		
5862	2.966		
5863	2.968		
5864	2.970		
5865	2.972		
5866	2.974		
5867	2.976		
5868	2.978		
5869	2.980		
5870	2.982		
5871	2.983		
5872	2.985		
5873	2.986		
5874	2.987		
5875	2.989		
5876	2.990		
5877	2.991		
5878	2.993		
5879	2.993		
5880	2.995		
5881	2.995		
5882	2.996		
5883	2.996		
5884	2.997		
5885	2.998		
5886	2.998		
5887	2.998		
5888	2.999		
5889	2.999		
5890	2.999		
5891	3.000		
5892	2.999		
5893	2.999		
5894	2.999		
5895	2.999		
5896	2.999		
5897	2.999		
5898	2.999		
5899	2.998		
5900	2.998		
5901	2.998		
5902	2.998		
5903	2.997		
5904	2.997		
5905	2.996		
5906	2.995		
5907	2.995		
5908	2.994		
5909	2.993		
5910	2.993		
5911	2.991		
5912	2.991		
5913	2.990		
5914	2.989		
5915	2.988		
5916	2.987		
5917	2.986		
5918	2.985		
5919	2.984		
5920	2.982		
5921	2.982		
5922	2.980		
5923	2.979		
5924	2.978		
5925	2.977		
5926	2.976		
5927	2.974		
5928	2.973		
5929	2.972		
5930	2.971		
5931	2.969		
5932	2.968		
5933	2.966		
5934	2.965		
5935	2.963		
5936	2.962		
5937	2.961		
5938	2.959		
5939	2.958		
5940	2.956		
5941	2.954		
5942	2.953		
5943	2.951		
5944	2.949		
5945	2.948		
5946	2.947		
5947	2.945		
5948	2.944		
5949	2.942		
5950	2.940		
5951	2.939		
5952	2.937		
5953	2.936		
5954	2.934		
5955	2.933		
5956	2.931		
5957	2.930		
5958	2.928		
5959	2.926		
5960	2.925		
5961	2.923		
5962	2.922		
5963	2.920		
5964	2.919		
5965	2.917		
5966	2.915		
5967	2.914		
5968	2.912		
5969	2.911		
5970	2.909		
5971	2.908		
5972	2.907		
5973	2.906		
5974	2.904		
5975	2.903		
5976	2.902		
5977	2.900		
5978	2.899		
5979	2.898		
5980	2.897		
5981	2.895		
5982	2.894		
5983	2.893		
5984	2.891		
5985	2.890		
5986	2.888		
5987	2.887		
5988	2.886		
5989	2.885		
5990	2.883		
5991	2.882		
5992	2.881		
5993	2.880		
5994	2.879		
5995	2.878		
5996	2.877		
5997	2.875		
5998	2.874		
5999	2.873		
6000	2.872		
6001	2.871		
6002	2.870		
6003	2.869		
6004	2.868		
6005	2.867		
6006	2.866		
6007	2.865		
6008	2.864	4	
6009	2.863		
6010	2.862		
6011	2.861		
6012	2.860		
6013	2.859		
6014	2.858		
6015	2.857		
6016	2.856		
6017	2.856		
6018	2.854		
6019	2.854		
6020	2.853		
6021	2.852		
6022	2.851		
6023	2.850		
6024	2.849		
6025	2.848		
6026	2.848		
6027	2.847		
6028	2.846		
6029	2.845		
6030	2.844		
6031	2.843		
6032	2.843		
6033	2.842		
6034	2.841		
6035	2.840		
6036	2.839		
6037	2.839		
6038	2.838		
6039	2.837		
6040	2.837		
6041	2.836		
6042	2.835		
6043	2.834		
6044	2.834		
6045	2.833		
6046	2.833		
6047	2.832		
6048	2.832		
6049	2.831		
6050	2.830		
6051	2.830		
6052	2.829		
6053	2.829		
6054	2.828		
6055	2.828		
6056	2.827		
6057	2.827		
6058	2.827		
6059	2.827		
6060	2.828		
6061	2.828		
6062	2.828		
6063	2.830		
6064	2.831		
6065	2.832		
6066	2.834		
6067	2.837		
6068	2.839		
6069	2.842		
6070	2.845		
6071	2.848		
6072	2.852		
6073	2.856		
6074	2.861		
6075	2.865		
6076	2.870		
6077	2.875		
6078	2.881		
6079	2.886		
6080	2.892		
6081	2.898		
6082	2.903		
6083	2.910		
6084	2.915		
6085	2.922		
6086	2.928		
6087	2.933		
6088	2.940		
6089	2.945		
6090	2.951		
6091	2.957		
6092	2.963		
6093	2.968		
6094	2.974		
6095	2.979		
6096	2.984		
6097	2.989		
6098	2.993		
6099	2.998		
6100	3.002		
6101	3.007		
6102	3.010		
6103	3.015		
6104	3.018		
6105	3.022		
6106	3.026		
6107	3.029		
6108	3.033		
6109	3.036		
6110	3.039		
6111	3.042		
6112	3.045		
6113	3.048		
6114	3.051		
6115	3.054		
6116	3.056		
6117	3.059		
6118	3.061		
6119	3.064		
6120	3.066		
6121	3.068		
6122	3.070		
6123	3.072		
6124	3.074		
6125	3.076		
6126	3.078		
6127	3.079		
6128	3.081		
6129	3.083		
6130	3.085		
6131	3.087		
6132	3.088		
6133	3.089		
6134	3.090		
6135	3.091		
6136	3.092		
6137	3.093		
6138	3.094		
6139	3.094		
6140	3.095		
6141	3.095		
6142	3.095		
6143	3.095		
6144	3.095		
6145	3.095		
6146	3.095		
6147	3.095		
6148	3.094		
6149	3.094		
6150	3.093		
6151	3.093		
6152	3.092		
6153	3.092		
6154	3.091		
6155	3.090		
6156	3.089		
6157	3.088		
6158	3.087		
6159	3.086		
6160	3.085		
6161	3.084		
6162	3.083		
6163	3.082		
6164	3.080		
6165	3.079		
6166	3.078		
6167	3.076		
6168	3.075		
6169	3.073		
6170	3.071		
6171	3.069		
6172	3.068		
6173	3.066		
6174	3.065		
6175	3.063		
6176	3.061		
6177	3.059		
6178	3.057		
6179	3.055		
6180	3.053		
6181	3.052		
6182	3.049		
6183	3.047		
6184	3.046		
6185	3.043		
6186	3.042		
6187	3.039		
6188	3.038		
6189	3.035		
6190	3.033		
6191	3.031		
6192	3.029		
6193	3.027		
6194	3.025		
6195	3.023		
6196	3.020		
6197	3.018		
6198	3.016		
6199	3.014		
6200	3.012		
6201	3.009		
6202	3.008		
6203	3.005		
6204	3.003		
6205	3.001		
6206	2.999		
6207	2.997		
6208	2.995		
6209	2.993		
6210	2.991		
6211	2.989		
6212	2.987		
6213	2.985		
6214	2.983		
6215	2.981		
6216	2.980		
6217	2.977		
6218	2.975		
6219	2.973		
6220	2.971		
6221	2.969		
6222	2.967		
6223	2.966		
6224	2.964		
6225	2.962		
6226	2.960		
6227	2.958		
6228	2.956		
6229	2.955		
6230	2.953		
6231	2.952		
6232	2.950		
6233	2.948		
6234	2.947		
6235	2.945		
6236	2.944		
6237	2.942		
6238	2.941		
6239	2.939		
6240	2.937		
6241	2.936		
6242	2.935		
6243	2.933		
6244	2.931		
6245	2.930		
6246	2.928		
6247	2.927		
6248	2.926		
6249	2.925		
6250	2.923		
6251	2.921		
6252	2.921		
6253	2.919		
6254	2.918		
6255	2.916		
6256	2.915		
6257	2.914		
6258	2.912		
6259	2.912		
6260	2.910		
6261	2.909		
6262	2.908		
6263	2.907		
6264	2.906		
6265	2.905		
6266	2.904		
6267	2.902		
6268	2.901		
6269	2.900		
6270	2.899		
6271	2.898		
6272	2.896		
6273	2.895		
6274	2.894		
6275	2.893		
6276	2.892		
6277	2.891		
6278	2.890		
6279	2.889		
6280	2.888		
6281	2.887		
6282	2.886		
6283	2.885		
6284	2.884		
6285	2.883		
6286	2.882		
6287	2.881		
6288	2.880		
6289	2.880		
6290	2.879		
6291	2.878		
6292	2.877		
6293	2.876		
6294	2.875		
6295	2.874		
6296	2.873		
6297	2.872		
6298	2.871		
6299	2.870		
6300	2.870		
6301	2.869		
6302	2.868		
6303	2.867		

<Unbearbeitete Daten exportiert>
