0.015625	5.185	0
0.078125	5.184	0
0.14063	5.1825	0
0.20313	5.1825	0
0.26563	5.182	0
0.32813	5.1825	0
0.39063	5.1825	0
0.45313	5.1825	0
0.51563	5.182	0
0.57813	5.1815	0
0.64063	5.1805	0
0.70313	5.1795	0
0.76563	5.1795	0
0.82813	5.1795	0
0.89063	5.1795	0
0.95313	5.1795	0
1.0156	5.1785	0
1.0781	5.178	0
1.1406	5.177	0
1.2031	5.1765	0
1.2656	5.176	0
1.3281	5.176	0
1.3906	5.1765	0
1.4531	5.1755	0
1.5156	5.1755	0
1.5781	5.175	0
1.6406	5.174	0
1.7031	5.173	0
1.7656	5.173	0
1.8281	5.1725	0
1.8906	5.1725	0
1.9531	5.1725	0
2.0156	5.172	0
2.0781	5.1725	0
2.1406	5.1725	0
2.2031	5.1725	0
2.2656	5.1735	0
2.3281	5.175	0
2.3906	5.177	0
2.4531	5.1795	0
2.5156	5.1815	0
2.5781	5.184	0
2.6406	5.1865	0
2.7031	5.19	0
2.7656	5.193	0
2.8281	5.1975	0
2.8906	5.2025	0
2.9531	5.2075	0
3.0156	5.2125	0
3.0781	5.217	0
3.1406	5.2215	0
3.2031	5.2265	0
3.2656	5.232	0
3.3281	5.2375	0
3.3906	5.2435	0
3.4531	5.2495	0
3.5156	5.2555	0
3.5781	5.261	0
3.6406	5.2655	0
3.7031	5.271	0
3.7656	5.2765	0
3.8281	5.2815	0
3.8906	5.287	0
3.9531	5.2925	0
4.0156	5.2985	0
4.0781	5.304	0
4.1406	5.3085	0
4.2031	5.313	0
4.2656	5.3175	0
4.3281	5.322	0
4.3906	5.326	0
4.4531	5.3305	0
4.5156	5.335	0
4.5781	5.3375	0
4.6406	5.34	0
4.7031	5.3425	0
4.7656	5.346	0
4.8281	5.35	0
4.8906	5.3535	0
4.9531	5.3565	0
5.0156	5.3595	0
5.0781	5.3615	0
5.1406	5.364	0
5.2031	5.366	0
5.2656	5.3685	0
5.3281	5.3715	0
5.3906	5.3745	0
5.4531	5.3775	0
5.5156	5.3795	0
5.5781	5.382	0
5.6406	5.384	0
5.7031	5.386	0
5.7656	5.389	0
5.8281	5.393	0
5.8906	5.3955	0
5.9531	5.3985	0
6.0156	5.4	0
6.0781	5.402	0
6.1406	5.4025	0
6.2031	5.4045	0
6.2656	5.4075	0
6.3281	5.411	0
6.3906	5.4135	0
6.4531	5.4155	0
6.5156	5.417	0
6.5781	5.418	0
6.6406	5.419	0
6.7031	5.4205	0
6.7656	5.423	0
6.8281	5.425	0
6.8906	5.4275	0
6.9531	5.4295	0
7.0156	5.4325	0
7.0781	5.4345	0
7.1406	5.4365	0
7.2031	5.4395	0
7.2656	5.4435	0
7.3281	5.447	0
7.3906	5.4505	0
7.4531	5.454	0
7.5156	5.457	0
7.5781	5.46	0
7.6406	5.463	0
7.7031	5.4655	0
7.7656	5.469	0
7.8281	5.4725	0
7.8906	5.4755	0
7.9531	5.478	0
8.0156	5.4805	0
8.0781	5.4825	0
8.1406	5.4855	0
8.2031	5.488	0
8.2656	5.4905	0
8.3281	5.4925	0
8.3906	5.4945	0
8.4531	5.497	0
8.5156	5.4975	0
8.5781	5.5005	0
8.6406	5.503	0
8.7031	5.504	0
8.7656	5.5065	0
8.8281	5.509	0
8.8906	5.5115	0
8.9531	5.513	0
9.0156	5.515	0
9.0781	5.517	0
9.1406	5.519	0
9.2031	5.52	0
9.2656	5.5205	0
9.3281	5.521	0
9.3906	5.521	0
9.4531	5.522	0
9.5156	5.5225	0
9.5781	5.5215	0
9.6406	5.5205	0
9.7031	5.5205	0
9.7656	5.5215	0
9.8281	5.521	0
9.8906	5.52	0
9.9531	5.519	0
10.016	5.5175	0
10.078	5.5165	0
10.141	5.5155	0
10.203	5.514	0
10.266	5.513	0
10.328	5.513	0
10.391	5.5115	0
10.453	5.5105	0
10.516	5.5085	0
10.578	5.5065	0
10.641	5.5055	0
10.703	5.505	0
10.766	5.505	0
10.828	5.504	0
10.891	5.5025	0
10.953	5.5015	0
11.016	5.5005	0
11.078	5.5	0
11.141	5.499	0
11.203	5.4985	0
11.266	5.498	0
11.328	5.4975	0
11.391	5.4965	0
11.453	5.4955	0
11.516	5.4935	0
11.578	5.4925	0
11.641	5.491	0
11.703	5.4895	0
11.766	5.4885	0
11.828	5.488	0
11.891	5.487	0
11.953	5.486	0
12.016	5.4845	0
12.078	5.4835	0
12.141	5.4825	0
12.203	5.4815	0
12.266	5.4815	0
12.328	5.482	0
12.391	5.4815	0
12.453	5.481	0
12.516	5.48	0
12.578	5.4795	0
12.641	5.478	0
12.703	5.4775	0
12.766	5.4775	0
12.828	5.478	0
12.891	5.478	0
12.953	5.477	0
13.016	5.4765	0
13.078	5.4755	0
13.141	5.475	0
13.203	5.4745	0
13.266	5.4745	0
13.328	5.475	0
13.391	5.476	0
13.453	5.4755	0
13.516	5.475	0
13.578	5.4745	0
13.641	5.474	0
13.703	5.4735	0
13.766	5.4745	0
13.828	5.4755	0
13.891	5.476	0
13.953	5.4765	0
14.016	5.476	0
14.078	5.476	0
14.141	5.4765	0
14.203	5.4775	0
14.266	5.479	0
14.328	5.48	0
14.391	5.481	0
14.453	5.482	0
14.516	5.4825	0
14.578	5.4825	0
14.641	5.484	0
14.703	5.4845	0
14.766	5.485	0
14.828	5.4865	0
14.891	5.4875	0
14.953	5.4875	0
15.016	5.4875	0
15.078	5.4875	0
15.141	5.4875	0
15.203	5.488	0
15.266	5.489	0
15.328	5.489	0
15.391	5.4905	0
15.453	5.491	0
15.516	5.4905	0
15.578	5.49	0
15.641	5.4895	0
15.703	5.491	0
15.766	5.491	0
15.828	5.4925	0
15.891	5.4935	0
15.953	5.494	0
16.016	5.495	0
16.078	5.4945	0
16.141	5.4955	0
16.203	5.4975	0
16.266	5.4995	0
16.328	5.502	0
16.391	5.505	0
16.453	5.5065	0
16.516	5.5075	0
16.578	5.5085	0
16.641	5.51	0
16.703	5.512	0
16.766	5.5135	0
16.828	5.516	0
16.891	5.5185	0
16.953	5.5205	0
17.016	5.522	0
17.078	5.5235	0
17.141	5.525	0
17.203	5.5275	0
17.266	5.5305	0
17.328	5.5335	99
17.391	5.537	0
17.453	5.5385	0
17.516	5.541	0
17.578	5.543	0
17.641	5.5445	0
17.703	5.5465	0
17.766	5.5485	0
17.828	5.5525	0
17.891	5.555	0
17.953	5.557	0
18.016	5.5585	0
18.078	5.559	0
18.141	5.561	0
18.203	5.563	0
18.266	5.5645	0
18.328	5.5665	0
18.391	5.5685	0
18.453	5.57	0
18.516	5.5725	0
18.578	5.576	0
18.641	5.58	0
18.703	5.586	0
18.766	5.5915	0
18.828	5.598	0
18.891	5.6045	0
18.953	5.6115	0
19.016	5.62	0
19.078	5.6285	0
19.141	5.637	0
19.203	5.6465	0
19.266	5.6565	0
19.328	5.667	0
19.391	5.6775	0
19.453	5.687	0
19.516	5.6965	0
19.578	5.706	0
19.641	5.7165	0
19.703	5.726	0
19.766	5.735	0
19.828	5.7445	0
19.891	5.753	0
19.953	5.76	0
20.016	5.7665	0
20.078	5.7735	0
20.141	5.7805	0
20.203	5.787	0
20.266	5.794	0
20.328	5.7995	0
20.391	5.804	0
20.453	5.8075	0
20.516	5.812	0
20.578	5.8155	0
20.641	5.8175	0
20.703	5.82	0
20.766	5.8245	0
20.828	5.8275	0
20.891	5.8295	0
20.953	5.83	0
21.016	5.8305	0
21.078	5.8315	0
21.141	5.832	0
21.203	5.833	0
21.266	5.8345	0
21.328	5.835	0
21.391	5.8355	0
21.453	5.8355	0
21.516	5.836	0
21.578	5.836	0
21.641	5.8365	0
21.703	5.8365	0
21.766	5.8375	0
21.828	5.8375	0
21.891	5.8375	0
21.953	5.835	0
22.016	5.8345	0
22.078	5.835	0
22.141	5.8345	0
22.203	5.8355	0
22.266	5.8355	0
22.328	5.837	0
22.391	5.8375	0
22.453	5.837	0
22.516	5.8365	0
22.578	5.836	0
22.641	5.8365	0
22.703	5.836	0
22.766	5.8365	0
22.828	5.8365	0
22.891	5.8365	0
22.953	5.836	0
23.016	5.8355	0
23.078	5.834	0
23.141	5.832	0
23.203	5.8315	0
23.266	5.8325	0
23.328	5.8325	0
23.391	5.8305	0
23.453	5.829	0
23.516	5.827	0
23.578	5.8245	0
23.641	5.8235	0
23.703	5.822	0
23.766	5.82	0
23.828	5.819	0
23.891	5.817	0
23.953	5.816	0
24.016	5.814	0
24.078	5.813	0
24.141	5.812	0
24.203	5.8115	0
24.266	5.8105	0
24.328	5.8085	0
24.391	5.806	0
24.453	5.8035	0
24.516	5.8015	0
24.578	5.7985	0
24.641	5.796	0
24.703	5.794	0
24.766	5.791	0
24.828	5.789	0
24.891	5.786	0
24.953	5.7835	0
25.016	5.7805	0
25.078	5.778	0
25.141	5.7755	0
25.203	5.7745	0
25.266	5.773	0
25.328	5.771	0
25.391	5.769	0
25.453	5.767	0
25.516	5.765	0
25.578	5.7625	0
25.641	5.762	0
25.703	5.76	0
25.766	5.7585	0
25.828	5.757	0
25.891	5.755	0
25.953	5.753	0
26.016	5.7515	0
26.078	5.749	0
26.141	5.7475	0
26.203	5.7465	0
26.266	5.745	0
26.328	5.7435	0
26.391	5.7415	0
26.453	5.739	0
26.516	5.7365	0
26.578	5.735	0
26.641	5.734	0
26.703	5.7335	0
26.766	5.7335	0
26.828	5.7335	0
26.891	5.733	0
26.953	5.734	0
27.016	5.734	0
27.078	5.7355	0
27.141	5.737	0
27.203	5.74	0
27.266	5.7425	0
27.328	5.7445	0
27.391	5.7465	0
27.453	5.748	0
27.516	5.75	0
27.578	5.7515	0
27.641	5.754	0
27.703	5.757	0
27.766	5.76	0
27.828	5.763	0
27.891	5.7645	0
27.953	5.7665	0
28.016	5.769	0
28.078	5.7715	0
28.141	5.774	0
28.203	5.778	0
28.266	5.7815	0
28.328	5.783	0
28.391	5.7845	0
28.453	5.7865	0
28.516	5.7885	0
28.578	5.791	0
28.641	5.7925	0
28.703	5.795	0
28.766	5.7975	0
28.828	5.8	0
28.891	5.802	0
28.953	5.8055	0
29.016	5.808	0
29.078	5.812	0
29.141	5.816	0
29.203	5.8205	0
29.266	5.825	0
29.328	5.83	0
29.391	5.8335	0
29.453	5.838	0
29.516	5.8425	0
29.578	5.846	0
29.641	5.85	0
29.703	5.8545	0
29.766	5.8595	0
29.828	5.864	0
29.891	5.8685	0
29.953	5.873	0
30.016	5.8765	0
30.078	5.8815	0
30.141	5.886	0
30.203	5.8905	0
30.266	5.895	0
30.328	5.899	0
30.391	5.9015	0
30.453	5.9045	0
30.516	5.908	0
30.578	5.911	0
30.641	5.9145	0
30.703	5.9175	0
30.766	5.921	0
30.828	5.924	0
30.891	5.926	0
30.953	5.93	0
31.016	5.9325	0
31.078	5.9355	0
31.141	5.9395	0
31.203	5.9425	0
31.266	5.9465	0
31.328	5.948	0
31.391	5.9505	0
31.453	5.9525	0
31.516	5.9545	0
31.578	5.9565	0
31.641	5.959	0
31.703	5.961	0
31.766	5.9625	0
31.828	5.964	0
31.891	5.965	0
31.953	5.968	0
32.016	5.969	0
32.078	5.9705	0
32.141	5.972	0
32.203	5.973	0
32.266	5.9745	0
32.328	5.9755	0
32.391	5.976	0
32.453	5.976	0
32.516	5.9755	0
32.578	5.976	0
32.641	5.976	0
32.703	5.976	0
32.766	5.976	0
32.828	5.9745	0
32.891	5.973	0
32.953	5.9725	0
33.016	5.9715	0
33.078	5.971	0
33.141	5.97	0
33.203	5.969	0
33.266	5.9685	0
33.328	5.9665	0
33.391	5.964	0
33.453	5.9625	0
33.516	5.9605	0
33.578	5.9585	0
33.641	5.9575	0
33.703	5.956	0
33.766	5.9545	0
33.828	5.952	0
33.891	5.9495	0
33.953	5.947	0
34.016	5.946	0
34.078	5.9445	0
34.141	5.944	0
34.203	5.9445	0
34.266	5.9435	0
34.328	5.9435	0
34.391	5.9435	0
34.453	5.9445	0
34.516	5.9465	0
34.578	5.95	0
34.641	5.9535	0
34.703	5.959	0
34.766	5.963	0
34.828	5.968	0
34.891	5.9725	0
34.953	5.9795	0
35.016	5.985	0
35.078	5.9925	0
35.141	6	0
35.203	6.0065	0
35.266	6.0135	0
35.328	6.019	0
35.391	6.024	0
35.453	6.029	0
35.516	6.0345	0
35.578	6.04	0
35.641	6.0455	0
35.703	6.0495	0
35.766	6.0535	0
35.828	6.056	0
35.891	6.0595	0
35.953	6.062	0
36.016	6.0645	0
36.078	6.0675	0
36.141	6.0705	0
36.203	6.0735	0
36.266	6.0755	0
36.328	6.077	0
36.391	6.079	0
36.453	6.079	0
36.516	6.0805	0
36.578	6.082	0
36.641	6.084	0
36.703	6.086	0
36.766	6.0875	0
36.828	6.088	0
36.891	6.0875	0
36.953	6.0885	0
37.016	6.09	0
37.078	6.092	0
37.141	6.0935	0
37.203	6.095	0
37.266	6.0955	0
37.328	6.0965	0
37.391	6.0955	0
37.453	6.095	0
37.516	6.0945	0
37.578	6.0945	0
37.641	6.0945	0
37.703	6.094	0
37.766	6.093	0
37.828	6.091	0
37.891	6.09	0
37.953	6.0885	0
38.016	6.0875	0
38.078	6.086	0
38.141	6.0855	0
38.203	6.0835	0
38.266	6.0815	0
38.328	6.079	0
38.391	6.077	0
38.453	6.0745	0
38.516	6.073	0
38.578	6.071	0
38.641	6.069	0
38.703	6.0655	0
38.766	6.063	0
38.828	6.0595	0
38.891	6.056	0
38.953	6.053	0
39.016	6.05	0
39.078	6.048	0
39.141	6.0455	0
39.203	6.0435	0
39.266	6.04	0
39.328	6.038	0
39.391	6.036	0
39.453	6.0345	0
39.516	6.034	0
39.578	6.0345	0
39.641	6.035	0
39.703	6.036	0
39.766	6.036	0
39.828	6.037	0
39.891	6.0385	0
39.953	6.0395	0
40.016	6.041	0
40.078	6.044	0
40.141	6.0465	0
40.203	6.0495	0
40.266	6.0515	0
40.328	6.054	0
40.391	6.0565	0
40.453	6.0585	0
40.516	6.0615	0
40.578	6.064	0
40.641	6.066	0
40.703	6.0685	0
40.766	6.069	0
40.828	6.07	0
40.891	6.071	0
40.953	6.072	0
41.016	6.072	0
41.078	6.073	0
41.141	6.073	0
41.203	6.0725	0
41.266	6.0715	0
41.328	6.071	0
41.391	6.0705	0
41.453	6.07	0
41.516	6.071	0
41.578	6.0715	0
41.641	6.072	0
41.703	6.0715	0
41.766	6.07	0
41.828	6.07	0
41.891	6.0685	0
41.953	6.0695	0
42.016	6.0705	0
42.078	6.0715	0
42.141	6.0725	0
42.203	6.073	0
42.266	6.073	0
42.328	6.072	0
42.391	6.0715	0
42.453	6.071	0
42.516	6.0715	0
42.578	6.072	0
42.641	6.0725	0
42.703	6.072	0
42.766	6.071	0
42.828	6.07	0
42.891	6.068	0
42.953	6.0675	0
43.016	6.0675	0
43.078	6.066	0
43.141	6.0655	0
43.203	6.065	0
43.266	6.064	0
43.328	6.0625	0
43.391	6.06	0
43.453	6.0595	0
43.516	6.06	0
43.578	6.0605	0
43.641	6.062	0
43.703	6.0635	0
43.766	6.065	0
43.828	6.0695	0
43.891	6.074	0
43.953	6.08	0
44.016	6.089	0
44.078	6.0985	0
44.141	6.1095	0
44.203	6.121	0
44.266	6.1335	0
44.328	6.1465	0
44.391	6.1605	0
44.453	6.176	0
44.516	6.192	0
44.578	6.209	0
44.641	6.2265	0
44.703	6.2425	0
44.766	6.2565	0
44.828	6.272	0
44.891	6.2865	0
44.953	6.301	0
45.016	6.3165	0
45.078	6.3315	0
45.141	6.3455	0
45.203	6.358	0
45.266	6.37	0
45.328	6.382	0
45.391	6.3925	0
45.453	6.404	0
45.516	6.4155	0
45.578	6.4245	0
45.641	6.4345	0
45.703	6.4425	0
45.766	6.4495	0
45.828	6.4555	0
45.891	6.4625	0
45.953	6.469	0
46.016	6.474	0
46.078	6.4795	0
46.141	6.4835	0
46.203	6.4885	0
46.266	6.4935	0
46.328	6.4975	0
46.391	6.5005	0
46.453	6.503	0
46.516	6.505	0
46.578	6.507	0
46.641	6.509	0
46.703	6.509	0
46.766	6.509	0
46.828	6.507	0
46.891	6.507	0
46.953	6.5065	0
47.016	6.507	0
47.078	6.508	0
47.141	6.5075	0
47.203	6.5065	0
47.266	6.5045	0
47.328	6.5035	0
47.391	6.5025	0
47.453	6.501	0
47.516	6.5005	0
47.578	6.4985	0
47.641	6.4965	0
47.703	6.4935	0
47.766	6.49	0
47.828	6.487	0
47.891	6.484	0
47.953	6.481	0
48.016	6.4785	0
48.078	6.476	0
48.141	6.4725	0
48.203	6.47	0
48.266	6.4665	0
48.328	6.463	0
48.391	6.4595	0
48.453	6.459	0
48.516	6.4575	0
48.578	6.454	0
48.641	6.4505	0
48.703	6.447	0
48.766	6.4425	0
48.828	6.4395	0
48.891	6.4355	0
48.953	6.4325	0
49.016	6.4295	0
49.078	6.426	0
49.141	6.422	0
49.203	6.4175	0
49.266	6.412	0
49.328	6.4075	0
49.391	6.4025	0
49.453	6.3995	0
49.516	6.396	0
49.578	6.392	0
49.641	6.392	0
49.703	6.3905	0
49.766	6.386	0
49.828	6.3825	0
49.891	6.3805	0
49.953	6.3795	0
50.016	6.378	0
50.078	6.3795	0
50.141	6.381	0
50.203	6.384	0
50.266	6.388	0
50.328	6.3935	0
50.391	6.4005	0
50.453	6.4095	0
50.516	6.4205	0
50.578	6.4305	0
50.641	6.443	0
50.703	6.456	0
50.766	6.4695	0
50.828	6.4825	0
50.891	6.4955	0
50.953	6.5085	0
51.016	6.522	0
51.078	6.535	0
51.141	6.5475	0
51.203	6.558	0
51.266	6.569	0
51.328	6.579	0
51.391	6.589	0
51.453	6.6	0
51.516	6.6095	0
51.578	6.618	0
51.641	6.626	0
51.703	6.6335	0
51.766	6.64	0
51.828	6.647	0
51.891	6.6525	0
51.953	6.658	0
52.016	6.663	0
52.078	6.6675	0
52.141	6.671	0
52.203	6.674	0
52.266	6.677	0
52.328	6.6805	0
52.391	6.6835	0
52.453	6.686	0
52.516	6.687	0
52.578	6.6885	0
52.641	6.6895	0
52.703	6.689	0
52.766	6.689	0
52.828	6.6895	0
52.891	6.6895	0
52.953	6.6895	0
53.016	6.689	0
53.078	6.6895	0
53.141	6.688	0
53.203	6.6875	0
53.266	6.6865	0
53.328	6.685	0
53.391	6.686	0
53.453	6.686	0
53.516	6.6865	0
53.578	6.688	0
53.641	6.688	0
53.703	6.688	0
53.766	6.689	0
53.828	6.69	0
53.891	6.6925	0
53.953	6.695	0
54.016	6.6985	0
54.078	6.7025	0
54.141	6.7065	0
54.203	6.713	0
54.266	6.7205	0
54.328	6.7275	0
54.391	6.735	0
54.453	6.743	0
54.516	6.7495	0
54.578	6.7555	0
54.641	6.762	0
54.703	6.768	0
54.766	6.7745	0
54.828	6.7805	0
54.891	6.7865	0
54.953	6.792	0
55.016	6.7985	0
55.078	6.803	0
55.141	6.806	0
55.203	6.809	0
55.266	6.8115	0
55.328	6.813	0
55.391	6.8145	0
55.453	6.816	0
55.516	6.8185	0
55.578	6.821	0
55.641	6.821	0
55.703	6.8195	0
55.766	6.8195	0
55.828	6.8185	0
55.891	6.819	0
55.953	6.8205	0
56.016	6.82	0
56.078	6.8195	0
56.141	6.8185	0
56.203	6.8175	0
56.266	6.816	0
56.328	6.814	0
56.391	6.813	0
56.453	6.813	0
56.516	6.813	0
56.578	6.812	0
56.641	6.809	0
56.703	6.8065	0
56.766	6.8045	0
56.828	6.8035	0
56.891	6.802	0
56.953	6.8015	0
57.016	6.8	0
57.078	6.798	0
57.141	6.7955	0
57.203	6.7935	0
57.266	6.7915	0
57.328	6.79	0
57.391	6.788	0
57.453	6.7875	0
57.516	6.7845	0
57.578	6.783	0
57.641	6.7805	0
57.703	6.779	0
57.766	6.7755	0
57.828	6.773	0
57.891	6.771	0
57.953	6.7685	0
58.016	6.766	0
58.078	6.762	0
58.141	6.7585	0
58.203	6.755	0
58.266	6.751	0
58.328	6.7465	0
58.391	6.743	0
58.453	6.7375	0
58.516	6.734	0
58.578	6.73	0
58.641	6.725	0
58.703	6.721	0
58.766	6.717	0
58.828	6.713	0
58.891	6.7095	0
58.953	6.706	0
59.016	6.702	0
59.078	6.6975	0
59.141	6.693	0
59.203	6.689	0
59.266	6.685	0
59.328	6.6825	0
59.391	6.6785	0
59.453	6.6755	0
59.516	6.673	0
59.578	6.67	0
59.641	6.6665	0
59.703	6.6625	0
59.766	6.659	0
59.828	6.6565	0
59.891	6.653	0
59.953	6.6505	0
60.016	6.6475	0
60.078	6.6445	0
60.141	6.641	0
60.203	6.637	0
60.266	6.6335	0
60.328	6.631	0
60.391	6.629	0
60.453	6.6255	0
60.516	6.621	0
60.578	6.6185	0
60.641	6.6155	0
60.703	6.613	0
60.766	6.611	0
60.828	6.6105	0
60.891	6.61	0
60.953	6.61	0
61.016	6.61	0
61.078	6.6095	0
61.141	6.6095	0
61.203	6.61	0
61.266	6.6115	0
61.328	6.614	0
61.391	6.617	0
61.453	6.6185	0
61.516	6.622	0
61.578	6.624	0
61.641	6.626	0
61.703	6.629	0
61.766	6.632	0
61.828	6.6345	0
61.891	6.638	0
61.953	6.6405	0
62.016	6.6435	0
62.078	6.646	0
62.141	6.6475	0
62.203	6.649	0
62.266	6.651	0
62.328	6.6535	0
62.391	6.6555	0
62.453	6.658	0
62.516	6.6585	0
62.578	6.6595	0
62.641	6.66	0
62.703	6.6615	0
62.766	6.662	0
62.828	6.663	0
62.891	6.6645	0
62.953	6.665	0
63.016	6.6655	0
63.078	6.665	0
63.141	6.6645	0
63.203	6.665	0
63.266	6.6655	0
63.328	6.6675	0
63.391	6.668	0
63.453	6.6685	0
63.516	6.669	0
63.578	6.668	0
63.641	6.6675	0
63.703	6.6675	0
63.766	6.6675	0
63.828	6.668	0
63.891	6.669	0
63.953	6.669	0
64.016	6.67	0
64.078	6.669	0
64.141	6.6695	0
64.203	6.6695	0
64.266	6.6705	0
64.328	6.672	0
64.391	6.674	0
64.453	6.6755	0
64.516	6.6765	0
64.578	6.677	0
64.641	6.677	0
64.703	6.678	0
64.766	6.6785	0
64.828	6.6795	0
64.891	6.681	0
64.953	6.682	0
65.016	6.6815	0
65.078	6.6815	0
65.141	6.681	0
65.203	6.68	0
65.266	6.6815	0
65.328	6.6815	0
65.391	6.683	0
65.453	6.683	0
65.516	6.6815	0
65.578	6.6795	0
65.641	6.678	0
65.703	6.677	0
65.766	6.6765	0
65.828	6.676	0
65.891	6.675	0
65.953	6.674	0
66.016	6.672	0
66.078	6.6705	0
66.141	6.6685	0
66.203	6.668	0
66.266	6.667	0
66.328	6.6665	0
66.391	6.665	0
66.453	6.664	0
66.516	6.661	0
66.578	6.659	0
66.641	6.656	0
66.703	6.653	0
66.766	6.6525	0
66.828	6.651	0
66.891	6.6495	0
66.953	6.6475	0
67.016	6.646	0
67.078	6.644	0
67.141	6.6415	0
67.203	6.639	0
67.266	6.637	0
67.328	6.635	0
67.391	6.6335	0
67.453	6.632	0
67.516	6.6295	0
67.578	6.627	0
67.641	6.6245	0
67.703	6.622	0
67.766	6.6205	0
67.828	6.6195	0
67.891	6.617	0
67.953	6.615	0
68.016	6.6125	0
68.078	6.609	0
68.141	6.6065	0
68.203	6.604	0
68.266	6.6045	0
68.328	6.603	0
68.391	6.601	0
68.453	6.5995	0
68.516	6.597	0
68.578	6.5945	0
68.641	6.5925	0
68.703	6.589	0
68.766	6.588	0
68.828	6.586	0
68.891	6.5835	0
68.953	6.5815	0
69.016	6.5795	0
69.078	6.577	0
69.141	6.5745	0
69.203	6.5725	0
69.266	6.571	0
69.328	6.57	0
69.391	6.569	0
69.453	6.5675	0
69.516	6.5655	0
69.578	6.5635	0
69.641	6.561	0
69.703	6.5595	0
69.766	6.5585	0
69.828	6.5585	0
69.891	6.5575	0
69.953	6.557	0
70.016	6.556	0
70.078	6.555	0
70.141	6.5545	0
70.203	6.5545	0
70.266	6.554	0
70.328	6.5545	0
70.391	6.5545	0
70.453	6.554	0
70.516	6.5525	0
70.578	6.5515	0
70.641	6.551	0
70.703	6.5515	0
70.766	6.551	0
70.828	6.5505	0
70.891	6.551	0
70.953	6.5505	0
71.016	6.55	0
71.078	6.549	0
71.141	6.548	0
71.203	6.547	0
71.266	6.5475	0
71.328	6.5485	0
71.391	6.548	0
71.453	6.547	0
71.516	6.546	0
71.578	6.5445	0
71.641	6.5435	0
71.703	6.5435	0
71.766	6.5435	0
71.828	6.544	0
71.891	6.544	0
71.953	6.5435	0
72.016	6.5425	0
72.078	6.541	0
72.141	6.541	0
72.203	6.5425	0
72.266	6.544	0
72.328	6.5465	0
72.391	6.5485	0
72.453	6.5515	0
72.516	6.5555	0
72.578	6.56	0
72.641	6.565	0
72.703	6.5725	0
72.766	6.58	0
72.828	6.5895	0
72.891	6.599	0
72.953	6.608	0
73.016	6.6175	0
73.078	6.627	0
73.141	6.6355	0
73.203	6.646	0
73.266	6.6575	0
73.328	6.668	0
73.391	6.6785	0
73.453	6.6885	0
73.516	6.6985	0
73.578	6.7075	0
73.641	6.717	0
73.703	6.7275	0
73.766	6.7375	0
73.828	6.7475	0
73.891	6.7575	0
73.953	6.7665	0
74.016	6.775	0
74.078	6.782	0
74.141	6.7885	0
74.203	6.7965	0
74.266	6.8035	0
74.328	6.8095	0
74.391	6.816	0
74.453	6.8215	0
74.516	6.826	0
74.578	6.831	0
74.641	6.836	0
74.703	6.841	0
74.766	6.846	0
74.828	6.8495	0
74.891	6.8525	0
74.953	6.855	0
75.016	6.8565	0
75.078	6.858	0
75.141	6.859	0
75.203	6.861	0
75.266	6.8625	0
75.328	6.864	0
75.391	6.8655	0
75.453	6.865	0
75.516	6.865	0
75.578	6.865	0
75.641	6.865	0
75.703	6.865	0
75.766	6.8665	0
75.828	6.867	0
75.891	6.866	0
75.953	6.865	0
76.016	6.8645	0
76.078	6.863	0
76.141	6.862	0
76.203	6.8615	0
76.266	6.861	0
76.328	6.86	0
76.391	6.858	0
76.453	6.8565	0
76.516	6.854	0
76.578	6.852	0
76.641	6.8505	0
76.703	6.849	0
76.766	6.846	0
76.828	6.844	0
76.891	6.841	0
76.953	6.8375	0
77.016	6.835	0
77.078	6.832	0
77.141	6.83	0
77.203	6.829	0
77.266	6.8275	0
77.328	6.827	0
77.391	6.826	0
77.453	6.824	0
77.516	6.8225	0
77.578	6.8215	0
77.641	6.822	0
77.703	6.8225	0
77.766	6.824	0
77.828	6.826	0
77.891	6.828	0
77.953	6.829	0
78.016	6.832	0
78.078	6.835	0
78.141	6.837	0
78.203	6.839	0
78.266	6.842	0
78.328	6.8445	0
78.391	6.8475	0
78.453	6.8505	0
78.516	6.8525	0
78.578	6.855	0
78.641	6.859	0
78.703	6.863	0
78.766	6.867	0
78.828	6.8705	0
78.891	6.874	0
78.953	6.878	0
79.016	6.881	0
79.078	6.884	0
79.141	6.888	0
79.203	6.8915	0
79.266	6.895	0
79.328	6.898	0
79.391	6.9	0
79.453	6.9015	0
79.516	6.902	0
79.578	6.9045	0
79.641	6.9075	0
79.703	6.9105	0
79.766	6.9125	0
79.828	6.915	0
79.891	6.917	0
79.953	6.9185	0
80.016	6.92	0
80.078	6.9215	0
80.141	6.9245	0
80.203	6.927	0
80.266	6.9295	0
80.328	6.931	0
80.391	6.933	0
80.453	6.9365	0
80.516	6.938	0
80.578	6.9405	0
80.641	6.944	0
80.703	6.947	0
80.766	6.9505	0
80.828	6.953	0
80.891	6.955	0
80.953	6.957	0
81.016	6.9595	0
81.078	6.9605	0
81.141	6.963	0
81.203	6.9665	0
81.266	6.9685	0
81.328	6.9705	0
81.391	6.971	0
81.453	6.9725	0
81.516	6.9735	0
81.578	6.975	0
81.641	6.9775	0
81.703	6.9785	0
81.766	6.9795	0
81.828	6.98	0
81.891	6.9795	0
81.953	6.9795	0
82.016	6.978	0
82.078	6.976	0
82.141	6.9755	0
82.203	6.975	0
82.266	6.9745	0
82.328	6.9735	0
82.391	6.9715	0
82.453	6.9695	0
82.516	6.9685	0
82.578	6.967	0
82.641	6.967	0
82.703	6.966	0
82.766	6.9645	0
82.828	6.9635	0
82.891	6.9625	0
82.953	6.9635	0
83.016	6.9645	0
83.078	6.968	0
83.141	6.9725	0
83.203	6.9785	0
83.266	6.986	0
83.328	6.9935	0
83.391	7.0025	0
83.453	7.0135	0
83.516	7.0255	0
83.578	7.0395	0
83.641	7.057	0
83.703	7.0725	0
83.766	7.087	0
83.828	7.102	0
83.891	7.116	0
83.953	7.131	0
84.016	7.146	0
84.078	7.16	0
84.141	7.175	0
84.203	7.1885	0
84.266	7.2	0
84.328	7.2095	0
84.391	7.218	0
84.453	7.2255	0
84.516	7.233	0
84.578	7.2405	0
84.641	7.249	0
84.703	7.2555	0
84.766	7.262	0
84.828	7.2675	0
84.891	7.2725	0
84.953	7.2765	0
85.016	7.2795	0
85.078	7.284	0
85.141	7.2865	0
85.203	7.2905	0
85.266	7.2925	0
85.328	7.296	0
85.391	7.298	0
85.453	7.2995	0
85.516	7.305	0
85.578	7.3095	0
85.641	7.3145	0
85.703	7.3195	0
85.766	7.323	0
85.828	7.326	0
85.891	7.327	0
85.953	7.327	0
86.016	7.3275	0
86.078	7.3265	0
86.141	7.328	0
86.203	7.3285	0
86.266	7.3295	0
86.328	7.3295	0
86.391	7.3295	0
86.453	7.3285	0
86.516	7.328	0
86.578	7.327	0
86.641	7.3255	0
86.703	7.326	0
86.766	7.325	0
86.828	7.322	0
86.891	7.318	0
86.953	7.3155	0
87.016	7.3135	0
87.078	7.3115	0
87.141	7.309	0
87.203	7.3065	0
87.266	7.303	0
87.328	7.2995	0
87.391	7.296	0
87.453	7.2925	0
87.516	7.2885	0
87.578	7.287	0
87.641	7.283	0
87.703	7.279	0
87.766	7.2755	0
87.828	7.2705	0
87.891	7.2655	0
87.953	7.262	0
88.016	7.257	0
88.078	7.253	0
88.141	7.249	0
88.203	7.245	0
88.266	7.24	0
88.328	7.2355	0
88.391	7.231	0
88.453	7.225	0
88.516	7.219	0
88.578	7.2145	0
88.641	7.2105	0
88.703	7.205	0
88.766	7.2005	0
88.828	7.1945	0
88.891	7.1895	0
88.953	7.1845	0
89.016	7.181	0
89.078	7.177	0
89.141	7.1745	0
89.203	7.172	0
89.266	7.17	0
89.328	7.1665	0
89.391	7.164	0
89.453	7.161	0
89.516	7.1595	0
89.578	7.1585	0
89.641	7.158	0
89.703	7.1565	0
89.766	7.1555	0
89.828	7.1535	0
89.891	7.151	0
89.953	7.1495	0
90.016	7.1485	0
90.078	7.1465	0
90.141	7.146	0
90.203	7.1445	0
90.266	7.143	0
90.328	7.1415	0
90.391	7.139	0
90.453	7.1365	0
90.516	7.134	0
90.578	7.132	0
90.641	7.1305	0
90.703	7.1285	0
90.766	7.126	0
90.828	7.123	0
90.891	7.1205	0
90.953	7.1175	0
91.016	7.115	0
91.078	7.1135	0
91.141	7.112	0
91.203	7.11	0
91.266	7.1075	0
91.328	7.1035	0
91.391	7.1	0
91.453	7.0965	0
91.516	7.094	0
91.578	7.0915	0
91.641	7.09	0
91.703	7.088	0
91.766	7.085	0
91.828	7.0815	0
91.891	7.079	0
91.953	7.076	0
92.016	7.075	0
92.078	7.0755	0
92.141	7.0755	0
92.203	7.078	0
92.266	7.079	0
92.328	7.0815	0
92.391	7.083	0
92.453	7.087	0
92.516	7.092	0
92.578	7.0975	0
92.641	7.105	0
92.703	7.112	0
92.766	7.1195	0
92.828	7.127	0
92.891	7.134	0
92.953	7.143	0
93.016	7.153	0
93.078	7.161	0
93.141	7.1705	0
93.203	7.1795	0
93.266	7.1875	0
93.328	7.195	0
93.391	7.2025	0
93.453	7.2085	0
93.516	7.216	0
93.578	7.2225	0
93.641	7.2285	0
93.703	7.234	0
93.766	7.2385	0
93.828	7.242	0
93.891	7.2445	0
93.953	7.249	0
94.016	7.2535	0
94.078	7.257	0
94.141	7.2615	0
94.203	7.2645	0
94.266	7.2665	0
94.328	7.2675	0
94.391	7.2685	0
94.453	7.2705	0
94.516	7.273	0
94.578	7.274	0
94.641	7.275	0
94.703	7.277	0
94.766	7.2775	0
94.828	7.2765	0
94.891	7.2745	0
94.953	7.273	0
95.016	7.273	0
95.078	7.2735	0
95.141	7.2715	0
95.203	7.2705	0
95.266	7.269	0
95.328	7.267	0
95.391	7.2655	0
95.453	7.264	0
95.516	7.2635	0
95.578	7.262	0
95.641	7.2605	0
95.703	7.2585	0
95.766	7.2555	0
95.828	7.252	0
95.891	7.249	0
95.953	7.2485	0
96.016	7.246	0
96.078	7.243	0
96.141	7.241	0
96.203	7.2375	0
96.266	7.234	0
96.328	7.23	0
96.391	7.2265	0
96.453	7.223	0
96.516	7.22	0
96.578	7.2175	0
96.641	7.215	0
96.703	7.2125	0
96.766	7.2095	0
96.828	7.207	0
96.891	7.2045	0
96.953	7.203	0
97.016	7.2015	0
97.078	7.2015	0
97.141	7.2015	0
97.203	7.2015	0
97.266	7.2	0
97.328	7.2	0
97.391	7.2	0
97.453	7.2	0
97.516	7.202	0
97.578	7.2025	0
97.641	7.2035	0
97.703	7.2025	0
97.766	7.201	0
97.828	7.2015	0
97.891	7.202	0
97.953	7.2055	0
98.016	7.206	0
98.078	7.2045	0
98.141	7.204	0
98.203	7.202	0
98.266	7.201	0
98.328	7.1995	0
98.391	7.1985	0
98.453	7.198	0
98.516	7.1975	0
98.578	7.197	0
98.641	7.1965	0
98.703	7.195	0
98.766	7.193	0
98.828	7.191	0
98.891	7.189	0
98.953	7.188	0
99.016	7.187	0
99.078	7.1855	0
99.141	7.1845	0
99.203	7.1825	0
99.266	7.181	0
99.328	7.179	0
99.391	7.1765	0
99.453	7.1745	0
99.516	7.1735	0
99.578	7.1725	0
99.641	7.1705	0
99.703	7.1675	0
99.766	7.164	0
99.828	7.1625	0
99.891	7.16	0
99.953	7.159	0
100.02	7.1575	0
100.08	7.155	0
100.14	7.153	0
100.2	7.15	0
100.27	7.147	0
100.33	7.143	0
100.39	7.14	0
100.45	7.138	0
100.52	7.1355	0
100.58	7.133	0
100.64	7.1305	0
100.7	7.127	0
100.77	7.123	0
100.83	7.1195	0
100.89	7.1165	0
100.95	7.1155	0
101.02	7.115	0
101.08	7.1145	0
101.14	7.1125	0
101.2	7.1115	0
101.27	7.1105	0
101.33	7.1105	0
101.39	7.1105	0
101.45	7.1125	0
101.52	7.1145	0
101.58	7.115	0
101.64	7.1145	0
101.7	7.115	0
101.77	7.1145	0
101.83	7.116	0
101.89	7.117	0
101.95	7.119	0
102.02	7.12	0
102.08	7.122	0
102.14	7.1235	0
102.2	7.125	0
102.27	7.126	0
102.33	7.127	0
102.39	7.1275	0
102.45	7.129	0
102.52	7.13	0
102.58	7.1315	0
102.64	7.132	0
102.7	7.132	0
102.77	7.133	0
102.83	7.132	0
102.89	7.131	0
102.95	7.1305	0
103.02	7.131	0
103.08	7.13	0
103.14	7.1295	0
103.2	7.127	0
103.27	7.1265	0
103.33	7.125	0
103.39	7.1245	0
103.45	7.1235	0
103.52	7.124	0
103.58	7.123	0
103.64	7.123	0
103.7	7.1205	0
103.77	7.1175	0
103.83	7.116	0
103.89	7.1145	0
103.95	7.1145	0
104.02	7.1135	0
104.08	7.112	0
104.14	7.109	0
104.2	7.1055	0
104.27	7.103	0
104.33	7.1005	0
104.39	7.0995	0
104.45	7.098	0
104.52	7.097	0
104.58	7.095	0
104.64	7.093	0
104.7	7.091	0
104.77	7.0875	0
104.83	7.085	0
104.89	7.083	0
104.95	7.0815	0
105.02	7.0795	0
105.08	7.0775	0
105.14	7.075	0
105.2	7.0715	0
105.27	7.0685	0
105.33	7.0665	0
105.39	7.065	0
105.45	7.064	0
105.52	7.0625	0
105.58	7.0595	0
105.64	7.057	0
105.7	7.0545	0
105.77	7.052	0
105.83	7.0505	0
105.89	7.0485	0
105.95	7.0475	0
106.02	7.045	0
106.08	7.043	0
106.14	7.042	0
106.2	7.039	0
106.27	7.036	0
106.33	7.034	0
106.39	7.033	0
106.45	7.0325	0
106.52	7.0305	0
106.58	7.0285	0
106.64	7.026	0
106.7	7.024	0
106.77	7.022	0
106.83	7.021	0
106.89	7.0205	0
106.95	7.019	0
107.02	7.018	0
107.08	7.0165	0
107.14	7.014	0
107.2	7.011	0
107.27	7.01	0
107.33	7.0085	0
107.39	7.0075	0
107.45	7.0075	0
107.52	7.006	0
107.58	7.0045	0
107.64	7.0035	0
107.7	7.002	0
107.77	7.001	0
107.83	7	0
107.89	6.999	0
107.95	6.9985	0
108.02	6.998	0
108.08	6.996	0
108.14	6.9935	0
108.2	6.9915	0
108.27	6.9895	0
108.33	6.9885	0
108.39	6.988	0
108.45	6.988	0
108.52	6.988	0
108.58	6.987	0
108.64	6.9865	0
108.7	6.9855	0
108.77	6.985	0
108.83	6.9855	0
108.89	6.986	0
108.95	6.9855	0
109.02	6.9855	0
109.08	6.9845	0
109.14	6.9835	0
109.2	6.983	0
109.27	6.982	0
109.33	6.982	0
109.39	6.9825	0
109.45	6.9825	0
109.52	6.9835	0
109.58	6.984	0
109.64	6.983	0
109.7	6.9825	0
109.77	6.9815	0
109.83	6.982	0
109.89	6.982	0
109.95	6.9825	0
110.02	6.9825	0
110.08	6.9815	0
110.14	6.9795	0
110.2	6.9775	0
110.27	6.9755	0
110.33	6.975	0
110.39	6.975	0
110.45	6.9755	0
110.52	6.975	0
110.58	6.974	0
110.64	6.9715	0
110.7	6.9705	0
110.77	6.9705	0
110.83	6.9705	0
110.89	6.97	0
110.95	6.969	0
111.02	6.9685	0
111.08	6.968	0
111.14	6.967	0
111.2	6.9655	0
111.27	6.9645	0
111.33	6.9645	0
111.39	6.9635	0
111.45	6.9625	0
111.52	6.9615	0
111.58	6.959	0
111.64	6.9575	0
111.7	6.955	0
111.77	6.955	0
111.83	6.9545	0
111.89	6.955	0
111.95	6.955	0
112.02	6.9555	0
112.08	6.955	0
112.14	6.954	0
112.2	6.954	0
112.27	6.954	0
112.33	6.9555	0
112.39	6.957	0
112.45	6.958	0
112.52	6.959	0
112.58	6.9595	0
112.64	6.9605	0
112.7	6.9615	0
112.77	6.963	0
112.83	6.9655	0
112.89	6.967	0
112.95	6.9675	0
113.02	6.9685	0
113.08	6.9685	0
113.14	6.9695	0
113.2	6.97	0
113.27	6.971	0
113.33	6.9725	0
113.39	6.9735	0
113.45	6.9755	0
113.52	6.9765	0
113.58	6.977	0
113.64	6.9775	0
113.7	6.9775	0
113.77	6.978	0
113.83	6.979	0
113.89	6.9795	0
113.95	6.98	0
114.02	6.9795	0
114.08	6.9795	0
114.14	6.9785	0
114.2	6.9785	0
114.27	6.9785	0
114.33	6.9795	0
114.39	6.9805	0
114.45	6.9815	0
114.52	6.981	0
114.58	6.9805	0
114.64	6.9805	0
114.7	6.98	0
114.77	6.9795	0
114.83	6.98	0
114.89	6.9805	0
114.95	6.981	0
115.02	6.9815	0
115.08	6.982	0
115.14	6.9815	0
115.2	6.982	0
115.27	6.9835	0
115.33	6.9845	0
115.39	6.986	0
115.45	6.9885	0
115.52	6.9895	0
115.58	6.9895	0
115.64	6.9895	0
115.7	6.9895	0
115.77	6.9905	0
115.83	6.992	0
115.89	6.993	0
115.95	6.995	0
116.02	6.995	0
116.08	6.9955	0
116.14	6.996	0
116.2	6.996	0
116.27	6.9965	0
116.33	6.998	0
116.39	6.999	0
116.45	6.9995	0
116.52	6.999	0
116.58	6.9985	0
116.64	6.999	0
116.7	6.999	0
116.77	6.997	0
116.83	6.999	0
116.89	6.9985	0
116.95	6.999	0
117.02	6.998	0
117.08	6.9975	0
117.14	6.9965	0
117.2	6.995	0
117.27	6.9945	0
117.33	6.995	0
117.39	6.9955	0
117.45	6.9955	0
117.52	6.995	0
117.58	6.9945	0
117.64	6.993	0
117.7	6.991	0
117.77	6.991	0
117.83	6.992	0
117.89	6.993	0
117.95	6.9945	0
118.02	6.9935	0
118.08	6.995	0
118.14	6.9955	0
118.2	6.997	0
118.27	6.998	0
118.33	7.001	0
118.39	7.0045	0
118.45	7.0075	0
118.52	7.011	0
118.58	7.0125	0
118.64	7.0135	0
118.7	7.0165	0
118.77	7.0195	0
118.83	7.023	0
118.89	7.027	0
118.95	7.03	0
119.02	7.032	0
119.08	7.0325	0
119.14	7.036	0
119.2	7.041	0
119.27	7.045	0
119.33	7.0485	0
119.39	7.052	0
119.45	7.0545	0
119.52	7.0555	0
119.58	7.0545	0
119.64	7.057	0
119.7	7.0615	0
119.77	7.064	0
119.83	7.067	0
119.89	7.0685	0
119.95	7.071	0
120.02	7.0715	0
120.08	7.0715	0
120.14	7.071	0
120.2	7.0705	0
120.27	7.07	0
120.33	7.071	0
120.39	7.071	0
120.45	7.072	0
120.52	7.072	0
120.58	7.0715	0
120.64	7.071	0
120.7	7.071	0
120.77	7.07	0
120.83	7.07	0
120.89	7.071	0
120.95	7.0715	0
121.02	7.0695	0
121.08	7.0675	0
121.14	7.066	0
121.2	7.0645	0
121.27	7.064	0
121.33	7.0625	0
121.39	7.0625	0
121.45	7.0615	0
121.52	7.06	0
121.58	7.0585	0
121.64	7.057	0
121.7	7.056	0
121.77	7.055	0
121.83	7.054	0
121.89	7.053	0
121.95	7.053	0
122.02	7.051	0
122.08	7.0485	0
122.14	7.046	0
122.2	7.044	0
122.27	7.0425	0
122.33	7.042	0
122.39	7.0415	0
122.45	7.0395	0
122.52	7.037	0
122.58	7.035	0
122.64	7.0325	0
122.7	7.0295	0
122.77	7.0275	0
122.83	7.0265	0
122.89	7.025	0
122.95	7.0235	0
123.02	7.0225	0
123.08	7.0195	0
123.14	7.0165	0
123.2	7.013	0
123.27	7.0115	0
123.33	7.0095	0
123.39	7.0075	0
123.45	7.007	0
123.52	7.0045	0
123.58	7.0015	0
123.64	6.999	0
123.7	6.996	0
123.77	6.994	0
123.83	6.992	0
123.89	6.9915	0
123.95	6.9905	0
124.02	6.9865	0
124.08	6.9825	0
124.14	6.9805	0
124.2	6.977	0
124.27	6.9765	0
124.33	6.9775	0
124.39	6.9775	0
124.45	6.978	0
124.52	6.9755	0
124.58	6.9745	0
124.64	6.973	0
124.7	6.971	0
124.77	6.9695	0
124.83	6.9695	0
124.89	6.9695	0
124.95	6.969	0
125.02	6.968	0
125.08	6.967	0
125.14	6.9665	0
125.2	6.9655	0
125.27	6.966	0
125.33	6.9665	0
125.39	6.967	0
125.45	6.9685	0
125.52	6.968	0
125.58	6.967	0
125.64	6.967	0
125.7	6.968	0
125.77	6.968	0
125.83	6.9695	0
125.89	6.9715	0
125.95	6.9725	0
126.02	6.9745	0
126.08	6.976	0
126.14	6.9785	0
126.2	6.9815	0
126.27	6.9855	0
126.33	6.99	0
126.39	6.9945	0
126.45	6.9995	0
126.52	7.003	0
126.58	7.0065	0
126.64	7.0095	0
126.7	7.014	0
126.77	7.0195	0
126.83	7.0245	0
126.89	7.029	0
126.95	7.0335	0
127.02	7.0375	0
127.08	7.041	0
127.14	7.0455	0
127.2	7.0495	0
127.27	7.054	0
127.33	7.0585	0
127.39	7.0625	0
127.45	7.066	0
127.52	7.07	0
127.58	7.071	0
127.64	7.0745	0
127.7	7.077	0
127.77	7.0805	0
127.83	7.0845	0
127.89	7.0875	0
127.95	7.0915	0
128.02	7.093	0
128.08	7.095	0
128.14	7.0975	0
128.2	7.099	0
128.27	7.1015	0
128.33	7.105	0
128.39	7.108	0
128.45	7.111	0
128.52	7.1125	0
128.58	7.114	0
128.64	7.1155	0
128.7	7.1175	0
128.77	7.12	0
128.83	7.12	0
128.89	7.1215	0
128.95	7.1235	0
129.02	7.123	0
129.08	7.1235	0
129.14	7.124	0
129.2	7.1245	0
129.27	7.1265	0
129.33	7.1275	0
129.39	7.129	0
129.45	7.1285	0
129.52	7.127	0
129.58	7.1255	0
129.64	7.125	0
129.7	7.1255	0
129.77	7.125	0
129.83	7.1255	0
129.89	7.1245	0
129.95	7.124	0
130.02	7.123	0
130.08	7.1215	0
130.14	7.119	0
130.2	7.1175	0
130.27	7.117	0
130.33	7.1165	0
130.39	7.114	0
130.45	7.111	0
130.52	7.1085	0
130.58	7.1065	0
130.64	7.104	0
130.7	7.103	0
130.77	7.102	0
130.83	7.1	0
130.89	7.0985	0
130.95	7.0965	0
131.02	7.094	0
131.08	7.091	0
131.14	7.0885	0
131.2	7.087	0
131.27	7.0855	0
131.33	7.0835	0
131.39	7.081	0
131.45	7.0775	0
131.52	7.0745	0
131.58	7.0715	0
131.64	7.0685	0
131.7	7.0665	0
131.77	7.0645	0
131.83	7.063	0
131.89	7.0605	0
131.95	7.0585	0
132.02	7.056	0
132.08	7.0525	0
132.14	7.0505	0
132.2	7.0485	0
132.27	7.047	0
132.33	7.045	0
132.39	7.0425	0
132.45	7.0395	0
132.52	7.0355	0
132.58	7.033	0
132.64	7.031	0
132.7	7.029	0
132.77	7.026	0
132.83	7.025	0
132.89	7.023	0
132.95	7.0205	0
133.02	7.0175	0
133.08	7.015	0
133.14	7.0135	0
133.2	7.0115	0
133.27	7.0095	0
133.33	7.0075	0
133.39	7.0055	0
133.45	7.0025	0
133.52	7	0
133.58	6.9975	0
133.64	6.995	0
133.7	6.993	0
133.77	6.9925	0
133.83	6.9905	0
133.89	6.9885	0
133.95	6.987	0
134.02	6.985	0
134.08	6.9825	0
134.14	6.9795	0
134.2	6.9775	0
134.27	6.976	0
134.33	6.9745	0
134.39	6.973	0
134.45	6.9705	0
134.52	6.968	0
134.58	6.965	0
134.64	6.9625	0
134.7	6.9615	0
134.77	6.9605	0
134.83	6.9595	0
134.89	6.9585	0
134.95	6.956	0
135.02	6.954	0
135.08	6.9515	0
135.14	6.9485	0
135.2	6.9475	0
135.27	6.9465	0
135.33	6.9455	0
135.39	6.944	0
135.45	6.942	0
135.52	6.94	0
135.58	6.9385	0
135.64	6.9365	0
135.7	6.9365	0
135.77	6.936	0
135.83	6.9345	0
135.89	6.934	0
135.95	6.932	0
136.02	6.93	0
136.08	6.9285	0
136.14	6.9255	0
136.2	6.9245	0
136.27	6.9235	0
136.33	6.922	0
136.39	6.9205	0
136.45	6.9185	0
136.52	6.916	0
136.58	6.914	0
136.64	6.913	0
136.7	6.9125	0
136.77	6.9115	0
136.83	6.91	0
136.89	6.9095	0
136.95	6.908	0
137.02	6.9055	0
137.08	6.9035	0
137.14	6.902	0
137.2	6.9005	0
137.27	6.9005	0
137.33	6.9	0
137.39	6.899	0
137.45	6.898	0
137.52	6.8965	0
137.58	6.895	0
137.64	6.8945	0
137.7	6.8945	0
137.77	6.8945	0
137.83	6.894	0
137.89	6.893	0
137.95	6.8925	0
138.02	6.892	0
138.08	6.8925	0
138.14	6.8935	0
138.2	6.8945	0
138.27	6.8955	0
138.33	6.8965	0
138.39	6.8975	0
138.45	6.8985	0
138.52	6.898	0
138.58	6.899	0
138.64	6.8995	0
138.7	6.9005	0
138.77	6.9015	0
138.83	6.902	0
138.89	6.902	0
138.95	6.9015	0
139.02	6.9025	0
139.08	6.9025	0
139.14	6.9035	0
139.2	6.9035	0
139.27	6.905	0
139.33	6.9055	0
139.39	6.9065	0
139.45	6.905	0
139.52	6.9055	0
139.58	6.9055	0
139.64	6.906	0
139.7	6.9055	0
139.77	6.906	0
139.83	6.9055	0
139.89	6.9055	0
139.95	6.9045	0
140.02	6.9035	0
140.08	6.903	0
140.14	6.902	0
140.2	6.9025	0
140.27	6.9025	0
140.33	6.9025	0
140.39	6.902	0
140.45	6.9015	0
140.52	6.9005	0
140.58	6.8995	0
140.64	6.899	0
140.7	6.899	0
140.77	6.8985	0
140.83	6.897	0
140.89	6.896	0
140.95	6.894	0
141.02	6.893	0
141.08	6.892	0
141.14	6.8915	0
141.2	6.8915	0
141.27	6.891	0
141.33	6.891	0
141.39	6.89	0
141.45	6.889	0
141.52	6.8875	0
141.58	6.888	0
141.64	6.8885	0
141.7	6.888	0
141.77	6.8875	0
141.83	6.886	0
141.89	6.885	0
141.95	6.8835	0
142.02	6.883	0
142.08	6.8815	0
142.14	6.8805	0
142.2	6.8805	0
142.27	6.8795	0
142.33	6.879	0
142.39	6.879	0
142.45	6.877	0
142.52	6.8745	0
142.58	6.8725	0
142.64	6.872	0
142.7	6.871	0
142.77	6.871	0
142.83	6.87	0
142.89	6.8695	0
142.95	6.868	0
143.02	6.8665	0
143.08	6.8655	0
143.14	6.8655	0
143.2	6.866	0
143.27	6.866	0
143.33	6.867	0
143.39	6.866	0
143.45	6.863	0
143.52	6.8605	0
143.58	6.86	0
143.64	6.859	0
143.7	6.858	0
143.77	6.8575	0
143.83	6.8575	0
143.89	6.857	0
143.95	6.8555	0
144.02	6.8545	0
144.08	6.8525	0
144.14	6.8535	0
144.2	6.853	0
144.27	6.853	0
144.33	6.8515	0
144.39	6.851	0
144.45	6.85	0
144.52	6.848	0
144.58	6.8455	0
144.64	6.8445	0
144.7	6.8445	0
144.77	6.844	0
144.83	6.843	0
144.89	6.842	0
144.95	6.8405	0
145.02	6.8395	0
145.08	6.838	0
145.14	6.8385	0
145.2	6.8385	0
145.27	6.839	0
145.33	6.838	0
145.39	6.8365	0
145.45	6.8345	0
145.52	6.833	0
145.58	6.8315	0
145.64	6.831	0
145.7	6.8305	0
145.77	6.8305	0
145.83	6.83	0
145.89	6.8285	0
145.95	6.8275	0
146.02	6.8265	0
146.08	6.826	0
146.14	6.826	0
146.2	6.825	0
146.27	6.825	0
146.33	6.8245	0
146.39	6.8225	0
146.45	6.8205	0
146.52	6.819	0
146.58	6.8175	0
146.64	6.817	0
146.7	6.817	0
146.77	6.817	0
146.83	6.816	0
146.89	6.815	0
146.95	6.8145	0
147.02	6.813	0
147.08	6.8125	0
147.14	6.8125	0
147.2	6.8125	0
147.27	6.813	0
147.33	6.8125	0
147.39	6.811	0
147.45	6.809	0
147.52	6.807	0
147.58	6.806	0
147.64	6.8055	0
147.7	6.8055	0
147.77	6.8045	0
147.83	6.8045	0
147.89	6.8035	0
147.95	6.8015	0
148.02	6.8005	0
148.08	6.8	0
148.14	6.7995	0
148.2	6.7995	0
148.27	6.7995	0
148.33	6.799	0
148.39	6.798	0
148.45	6.796	0
148.52	6.7945	0
148.58	6.7935	0
148.64	6.793	0
148.7	6.7925	0
148.77	6.7925	0
148.83	6.7915	0
148.89	6.791	0
148.95	6.79	0
149.02	6.789	0
149.08	6.789	0
149.14	6.7895	0
149.2	6.789	0
149.27	6.789	0
149.33	6.788	0
149.39	6.787	0
149.45	6.786	0
149.52	6.784	0
149.58	6.7835	0
149.64	6.7825	0
149.7	6.7825	0
149.77	6.7825	0
149.83	6.782	0
149.89	6.781	0
149.95	6.78	0
150.02	6.7785	0
150.08	6.7785	0
150.14	6.7785	0
150.2	6.778	0
150.27	6.7785	0
150.33	6.7775	0
150.39	6.777	0
150.45	6.775	0
150.52	6.774	0
150.58	6.774	0
150.64	6.773	0
150.7	6.773	0
150.77	6.773	0
150.83	6.7725	0
150.89	6.771	0
150.95	6.77	0
151.02	6.7695	0
151.08	6.7695	0
151.14	6.77	0
151.2	6.77	0
151.27	6.7695	0
151.33	6.7695	0
151.39	6.7675	0
151.45	6.766	0
151.52	6.764	0
151.58	6.763	0
151.64	6.763	0
151.7	6.7625	0
151.77	6.762	0
151.83	6.7605	0
151.89	6.7595	0
151.95	6.7585	0
152.02	6.758	0
152.08	6.757	0
152.14	6.7575	0
152.2	6.7575	0
152.27	6.757	0
152.33	6.756	0
152.39	6.7535	0
152.45	6.7525	0
152.52	6.751	0
152.58	6.751	0
152.64	6.7505	0
152.7	6.7505	0
152.77	6.75	0
152.83	6.749	0
152.89	6.748	0
152.95	6.747	0
153.02	6.746	0
153.08	6.7455	0
153.14	6.7455	0
153.2	6.746	0
153.27	6.744	0
153.33	6.743	0
153.39	6.7415	0
153.45	6.74	0
153.52	6.739	0
153.58	6.739	0
153.64	6.739	0
153.7	6.7385	0
153.77	6.7385	0
153.83	6.7385	0
153.89	6.737	0
153.95	6.736	0
154.02	6.7355	0
154.08	6.735	0
154.14	6.735	0
154.2	6.735	0
154.27	6.735	0
154.33	6.7335	0
154.39	6.7315	0
154.45	6.729	0
154.52	6.7275	0
154.58	6.727	0
154.64	6.727	0
154.7	6.7265	0
154.77	6.7255	0
154.83	6.7245	0
154.89	6.7225	0
154.95	6.7215	0
155.02	6.7205	0
155.08	6.7205	0
155.14	6.7195	0
155.2	6.719	0
155.27	6.719	0
155.33	6.7175	0
155.39	6.716	0
155.45	6.715	0
155.52	6.713	0
155.58	6.712	0
155.64	6.712	0
155.7	6.7115	0
155.77	6.711	0
155.83	6.7105	0
155.89	6.7095	0
155.95	6.708	0
156.02	6.7075	0
156.08	6.7065	0
156.14	6.707	0
156.2	6.7065	0
156.27	6.7055	0
156.33	6.7045	0
156.39	6.7025	0
156.45	6.701	0
156.52	6.699	0
156.58	6.6985	0
156.64	6.699	0
156.7	6.698	0
156.77	6.6975	0
156.83	6.6965	0
156.89	6.695	0
156.95	6.6945	0
157.02	6.693	0
157.08	6.693	0
157.14	6.6925	0
157.2	6.6915	0
157.27	6.6905	0
157.33	6.689	0
157.39	6.6875	0
157.45	6.6865	0
157.52	6.685	0
157.58	6.6855	0
157.64	6.6845	0
157.7	6.6845	0
157.77	6.684	0
157.83	6.6825	0
157.89	6.6815	0
157.95	6.681	0
158.02	6.6805	0
158.08	6.6805	0
158.14	6.6805	0
158.2	6.68	0
158.27	6.6795	0
158.33	6.6775	0
158.39	6.676	0
158.45	6.6735	0
158.52	6.673	0
158.58	6.673	0
158.64	6.6725	0
158.7	6.6725	0
158.77	6.6725	0
158.83	6.671	0
158.89	6.6695	0
158.95	6.6685	0
159.02	6.668	0
159.08	6.668	0
159.14	6.668	0
159.2	6.668	0
159.27	6.666	0
159.33	6.6645	0
159.39	6.663	0
159.45	6.662	0
159.52	6.661	0
159.58	6.6605	0
159.64	6.66	0
159.7	6.6595	0
159.77	6.659	0
159.83	6.658	0
159.89	6.658	0
159.95	6.6565	0
160.02	6.6555	0
160.08	6.656	0
160.14	6.6555	0
160.2	6.6545	0
160.27	6.6535	0
160.33	6.652	0
160.39	6.651	0
160.45	6.65	0
160.52	6.649	0
160.58	6.6485	0
160.64	6.6485	0
160.7	6.6485	0
160.77	6.6485	0
160.83	6.6475	0
160.89	6.647	0
160.95	6.646	0
161.02	6.645	0
161.08	6.6455	0
161.14	6.6445	0
161.2	6.6435	0
161.27	6.642	0
161.33	6.6405	0
161.39	6.64	0
161.45	6.6385	0
161.52	6.637	0
161.58	6.6365	0
161.64	6.6365	0
161.7	6.636	0
161.77	6.6345	0
161.83	6.6335	0
161.89	6.632	0
161.95	6.6315	0
162.02	6.6305	0
162.08	6.6295	0
162.14	6.63	0
162.2	6.632	0
162.27	6.632	0
162.33	6.6305	0
162.39	6.629	0
162.45	6.6285	0
162.52	6.6275	0
162.58	6.6275	0
162.64	6.6275	0
162.7	6.627	0
162.77	6.626	0
162.83	6.6245	0
162.89	6.6245	0
162.95	6.6235	0
163.02	6.622	0
163.08	6.6215	0
163.14	6.621	0
163.2	6.62	0
163.27	6.6185	0
163.33	6.618	0
163.39	6.617	0
163.45	6.616	0
163.52	6.615	0
163.58	6.6155	0
163.64	6.615	0
163.7	6.6155	0
163.77	6.6145	0
163.83	6.6135	0
163.89	6.6125	0
163.95	6.6105	0
164.02	6.61	0
164.08	6.609	0
164.14	6.6085	0
164.2	6.6085	0
164.27	6.6075	0
164.33	6.607	0
164.39	6.6055	0
164.45	6.6045	0
164.52	6.6045	0
164.58	6.6045	0
164.64	6.6045	0
164.7	6.604	0
164.77	6.6035	0
164.83	6.6025	0
164.89	6.602	0
164.95	6.601	0
165.02	6.601	0
165.08	6.6005	0
165.14	6.6015	0
165.2	6.602	0
165.27	6.602	0
165.33	6.604	0
165.39	6.605	0
165.45	6.6065	0
165.52	6.609	0
165.58	6.6135	0
165.64	6.6175	0
165.7	6.621	0
165.77	6.6235	0
165.83	6.627	0
165.89	6.633	0
165.95	6.638	0
166.02	6.644	0
166.08	6.6485	0
166.14	6.6535	0
166.2	6.6585	0
166.27	6.6625	0
166.33	6.6655	0
166.39	6.67	0
166.45	6.6755	0
166.52	6.681	0
166.58	6.685	0
166.64	6.691	0
166.7	6.6965	0
166.77	6.7	0
166.83	6.704	0
166.89	6.707	0
166.95	6.711	0
167.02	6.7155	0
167.08	6.719	0
167.14	6.722	0
167.2	6.725	0
167.27	6.728	0
167.33	6.7305	0
167.39	6.7335	0
167.45	6.7355	0
167.52	6.737	0
167.58	6.7395	0
167.64	6.7415	0
167.7	6.7445	0
167.77	6.7445	0
167.83	6.746	0
167.89	6.748	0
167.95	6.748	0
168.02	6.749	0
168.08	6.7505	0
168.14	6.7505	0
168.2	6.748	0
168.27	6.747	0
168.33	6.752	0
168.39	6.754	0
168.45	6.754	0
168.52	6.7545	0
168.58	6.7555	0
168.64	6.756	0
168.7	6.7555	0
168.77	6.755	0
168.83	6.753	0
168.89	6.7515	0
168.95	6.7505	0
169.02	6.7505	0
169.08	6.75	0
169.14	6.749	0
169.2	6.7485	0
169.27	6.7475	0
169.33	6.746	0
169.39	6.7455	0
169.45	6.744	0
169.52	6.744	0
169.58	6.7435	0
169.64	6.7425	0
169.7	6.7415	0
169.77	6.74	0
169.83	6.7375	0
169.89	6.736	0
169.95	6.735	0
170.02	6.733	0
170.08	6.731	0
170.14	6.7295	0
170.2	6.727	0
170.27	6.7245	0
170.33	6.7225	0
170.39	6.7195	0
170.45	6.7185	0
170.52	6.717	0
170.58	6.7165	0
170.64	6.7155	0
170.7	6.7145	0
170.77	6.7135	0
170.83	6.712	0
170.89	6.7105	0
170.95	6.71	0
171.02	6.7105	0
171.08	6.712	0
171.14	6.7135	0
171.2	6.7155	0
171.27	6.7185	0
171.33	6.721	0
171.39	6.725	0
171.45	6.73	0
171.52	6.736	0
171.58	6.7425	0
171.64	6.748	0
171.7	6.754	0
171.77	6.7595	0
171.83	6.766	0
171.89	6.772	0
171.95	6.779	0
172.02	6.7845	0
172.08	6.7915	0
172.14	6.7965	0
172.2	6.802	0
172.27	6.8075	0
172.33	6.813	0
172.39	6.8175	0
172.45	6.8245	0
172.52	6.8305	0
172.58	6.836	0
172.64	6.841	0
172.7	6.846	0
172.77	6.85	0
172.83	6.854	0
172.89	6.8585	0
172.95	6.863	0
173.02	6.8665	0
173.08	6.869	0
173.14	6.8715	0
173.2	6.8735	0
173.27	6.8765	0
173.33	6.879	0
173.39	6.8805	0
173.45	6.884	0
173.52	6.887	0
173.58	6.89	0
173.64	6.893	0
173.7	6.8955	0
173.77	6.8975	0
173.83	6.9	0
173.89	6.901	0
173.95	6.903	0
174.02	6.9045	0
174.08	6.9045	0
174.14	6.904	0
174.2	6.9045	0
174.27	6.904	0
174.33	6.9035	0
174.39	6.904	0
174.45	6.904	0
174.52	6.9045	0
174.58	6.905	0
174.64	6.905	0
174.7	6.904	0
174.77	6.903	0
174.83	6.903	0
174.89	6.9005	0
174.95	6.8995	0
175.02	6.898	0
175.08	6.897	0
175.14	6.895	0
175.2	6.8935	0
175.27	6.8925	0
175.33	6.89	0
175.39	6.888	0
175.45	6.887	0
175.52	6.886	0
175.58	6.885	0
175.64	6.8835	0
175.7	6.8815	0
175.77	6.879	0
175.83	6.877	0
175.89	6.875	0
175.95	6.873	0
176.02	6.8705	0
176.08	6.8685	0
176.14	6.865	0
176.2	6.862	0
176.27	6.859	0
176.33	6.856	0
176.39	6.8535	0
176.45	6.8515	0
176.52	6.85	0
176.58	6.8475	0
176.64	6.8455	0
176.7	6.843	0
176.77	6.841	0
176.83	6.8385	0
176.89	6.8365	0
176.95	6.8355	0
177.02	6.834	0
177.08	6.832	0
177.14	6.8295	0
177.2	6.827	0
177.27	6.8235	0
177.33	6.8215	0
177.39	6.8195	0
177.45	6.8185	0
177.52	6.817	0
177.58	6.816	0
177.64	6.814	0
177.7	6.8115	0
177.77	6.8095	0
177.83	6.8075	0
177.89	6.8065	0
177.95	6.805	0
178.02	6.8035	0
178.08	6.8	0
178.14	6.798	0
178.2	6.796	0
178.27	6.794	0
178.33	6.7915	0
178.39	6.7895	0
178.45	6.789	0
178.52	6.788	0
178.58	6.787	0
178.64	6.785	0
178.7	6.7835	0
178.77	6.7815	0
178.83	6.7805	0
178.89	6.7805	0
178.95	6.7795	0
179.02	6.7785	0
179.08	6.7765	0
179.14	6.775	0
179.2	6.7725	0
179.27	6.77	0
179.33	6.768	0
179.39	6.766	0
179.45	6.7635	0
179.52	6.764	0
179.58	6.7625	0
179.64	6.7605	0
179.7	6.761	0
179.77	6.7595	0
179.83	6.756	0
179.89	6.7545	0
179.95	6.753	0
180.02	6.7525	0
180.08	6.751	0
180.14	6.748	0
180.2	6.7465	0
180.27	6.7445	0
180.33	6.742	0
180.39	6.7415	0
180.45	6.74	0
180.52	6.7395	0
180.58	6.738	0
180.64	6.736	0
180.7	6.7345	0
180.77	6.733	0
180.83	6.732	0
180.89	6.732	0
180.95	6.732	0
181.02	6.731	0
181.08	6.73	0
181.14	6.729	0
181.2	6.727	0
181.27	6.726	0
181.33	6.726	0
181.39	6.7265	0
181.45	6.7265	0
181.52	6.727	0
181.58	6.727	0
181.64	6.726	0
181.7	6.7255	0
181.77	6.7255	0
181.83	6.7245	0
181.89	6.7255	0
181.95	6.7245	0
182.02	6.724	0
182.08	6.7235	0
182.14	6.723	0
182.2	6.7215	0
182.27	6.721	0
182.33	6.7205	0
182.39	6.721	0
182.45	6.7215	0
182.52	6.7215	0
182.58	6.7215	0
182.64	6.7205	0
182.7	6.7195	0
182.77	6.719	0
182.83	6.719	0
182.89	6.7185	0
182.95	6.7195	0
183.02	6.7205	0
183.08	6.7185	0
183.14	6.717	0
183.2	6.7155	0
183.27	6.715	0
183.33	6.714	0
183.39	6.7145	0
183.45	6.7145	0
183.52	6.715	0
183.58	6.7155	0
183.64	6.716	0
183.7	6.7165	0
183.77	6.718	0
183.83	6.7195	0
183.89	6.722	0
183.95	6.7245	0
184.02	6.7275	0
184.08	6.7295	0
184.14	6.731	0
184.2	6.7315	0
184.27	6.7325	0
184.33	6.7355	0
184.39	6.7375	0
184.45	6.7405	0
184.52	6.743	0
184.58	6.745	0
184.64	6.747	0
184.7	6.749	0
184.77	6.751	0
184.83	6.753	0
184.89	6.755	0
184.95	6.758	0
185.02	6.76	0
185.08	6.761	0
185.14	6.762	0
185.2	6.763	0
185.27	6.7635	0
185.33	6.765	0
185.39	6.7665	0
185.45	6.7685	0
185.52	6.77	0
185.58	6.771	0
185.64	6.7715	0
185.7	6.773	0
185.77	6.773	0
185.83	6.7745	0
185.89	6.776	0
185.95	6.7765	0
186.02	6.777	0
186.08	6.7755	0
186.14	6.775	0
186.2	6.7745	0
186.27	6.774	0
186.33	6.7745	0
186.39	6.7745	0
186.45	6.775	0
186.52	6.775	0
186.58	6.775	0
186.64	6.7745	0
186.7	6.774	0
186.77	6.7735	0
186.83	6.774	0
186.89	6.7745	0
186.95	6.7745	0
187.02	6.774	0
187.08	6.7735	0
187.14	6.772	0
187.2	6.7705	0
187.27	6.7695	0
187.33	6.769	0
187.39	6.7685	0
187.45	6.768	0
187.52	6.7685	0
187.58	6.767	0
187.64	6.7665	0
187.7	6.765	0
187.77	6.7645	0
187.83	6.7645	0
187.89	6.7645	0
187.95	6.7645	0
188.02	6.764	0
188.08	6.763	0
188.14	6.761	0
188.2	6.7595	0
188.27	6.7575	0
188.33	6.7565	0
188.39	6.756	0
188.45	6.7555	0
188.52	6.7545	0
188.58	6.753	0
188.64	6.7515	0
188.7	6.7495	0
188.77	6.749	0
188.83	6.7475	0
188.89	6.7475	0
188.95	6.7475	0
189.02	6.746	0
189.08	6.744	0
189.14	6.742	0
189.2	6.74	0
189.27	6.7385	0
189.33	6.7385	0
189.39	6.738	0
189.45	6.7365	0
189.52	6.7365	0
189.58	6.735	0
189.64	6.734	0
189.7	6.7325	0
189.77	6.7325	0
189.83	6.7325	0
189.89	6.732	0
189.95	6.7315	0
190.02	6.7315	0
190.08	6.73	0
190.14	6.729	0
190.2	6.728	0
190.27	6.7275	0
190.33	6.7275	0
190.39	6.728	0
190.45	6.7275	0
190.52	6.7275	0
190.58	6.7265	0
190.64	6.726	0
190.7	6.725	0
190.77	6.7255	0
190.83	6.7255	0
190.89	6.726	0
190.95	6.726	0
191.02	6.726	0
191.08	6.7245	0
191.14	6.723	0
191.2	6.722	0
191.27	6.721	0
191.33	6.721	0
191.39	6.7205	0
191.45	6.72	0
191.52	6.72	0
191.58	6.7195	0
191.64	6.718	0
191.7	6.7175	0
191.77	6.718	0
191.83	6.718	0
191.89	6.7185	0
191.95	6.719	0
192.02	6.719	0
192.08	6.7185	0
192.14	6.7175	0
192.2	6.7165	0
192.27	6.7165	0
192.33	6.7175	0
192.39	6.717	0
192.45	6.717	0
192.52	6.7165	0
192.58	6.716	0
192.64	6.7155	0
192.7	6.715	0
192.77	6.7155	0
192.83	6.7165	0
192.89	6.717	0
192.95	6.717	0
193.02	6.7165	0
193.08	6.7155	0
193.14	6.7145	0
193.2	6.714	0
193.27	6.7135	0
193.33	6.7135	0
193.39	6.7135	0
193.45	6.713	0
193.52	6.7115	0
193.58	6.7115	0
193.64	6.7105	0
193.7	6.71	0
193.77	6.7105	0
193.83	6.7105	0
193.89	6.7105	0
193.95	6.711	0
194.02	6.711	0
194.08	6.71	0
194.14	6.709	0
194.2	6.7085	0
194.27	6.709	0
194.33	6.71	0
194.39	6.711	0
194.45	6.7115	0
194.52	6.7125	0
194.58	6.712	0
194.64	6.7135	0
194.7	6.7145	0
194.77	6.716	0
194.83	6.718	0
194.89	6.72	0
194.95	6.7215	0
195.02	6.723	0
195.08	6.7235	0
195.14	6.7245	0
195.2	6.725	0
195.27	6.7255	0
195.33	6.7265	0
195.39	6.727	0
195.45	6.7285	0
195.52	6.7295	0
195.58	6.7305	0
195.64	6.7315	0
195.7	6.7325	0
195.77	6.7355	0
195.83	6.739	0
195.89	6.742	0
195.95	6.7445	0
196.02	6.747	0
196.08	6.749	0
196.14	6.752	0
196.2	6.7545	0
196.27	6.7575	0
196.33	6.7615	0
196.39	6.7645	0
196.45	6.768	0
196.52	6.77	0
196.58	6.7735	0
196.64	6.776	0
196.7	6.777	0
196.77	6.7815	0
196.83	6.7845	0
196.89	6.7875	0
196.95	6.791	0
197.02	6.7925	0
197.08	6.7935	0
197.14	6.7945	0
197.2	6.796	0
197.27	6.7975	0
197.33	6.7995	99
197.39	6.801	0
197.45	6.802	0
197.52	6.8015	0
197.58	6.802	0
197.64	6.803	0
197.7	6.8035	0
197.77	6.805	0
197.83	6.8055	0
197.89	6.8055	0
197.95	6.8045	0
198.02	6.8035	0
198.08	6.8025	0
198.14	6.801	0
198.2	6.801	0
198.27	6.8025	0
198.33	6.803	0
198.39	6.8055	0
198.45	6.8075	0
198.52	6.8105	0
198.58	6.8135	0
198.64	6.8175	0
198.7	6.822	0
198.77	6.827	0
198.83	6.833	0
198.89	6.8395	0
198.95	6.847	0
199.02	6.853	0
199.08	6.86	0
199.14	6.868	0
199.2	6.8755	0
199.27	6.8845	0
199.33	6.893	0
199.39	6.9015	0
199.45	6.9105	0
199.52	6.92	0
199.58	6.9295	0
199.64	6.94	0
199.7	6.952	0
199.77	6.9645	0
199.83	6.9775	0
199.89	6.99	0
199.95	7.0035	0
200.02	7.0175	0
200.08	7.031	0
200.14	7.0465	0
200.2	7.062	0
200.27	7.078	0
200.33	7.0945	0
200.39	7.1105	0
200.45	7.1255	0
200.52	7.1415	0
200.58	7.156	0
200.64	7.1705	0
200.7	7.1855	0
200.77	7.1965	0
200.83	7.2085	0
200.89	7.218	0
200.95	7.2245	0
201.02	7.231	0
201.08	7.238	0
201.14	7.246	0
201.2	7.2525	0
201.27	7.2595	0
201.33	7.266	0
201.39	7.2725	0
201.45	7.2765	0
201.52	7.2795	0
201.58	7.2845	0
201.64	7.2895	0
201.7	7.2945	0
201.77	7.3	0
201.83	7.304	0
201.89	7.305	0
201.95	7.306	0
202.02	7.308	0
202.08	7.312	0
202.14	7.316	0
202.2	7.319	0
202.27	7.3215	0
202.33	7.325	0
202.39	7.3295	0
202.45	7.332	0
202.52	7.3345	0
202.58	7.3365	0
202.64	7.3385	0
202.7	7.3415	0
202.77	7.3425	0
202.83	7.343	0
202.89	7.3445	0
202.95	7.3455	0
203.02	7.348	0
203.08	7.349	0
203.14	7.3485	0
203.2	7.3495	0
203.27	7.3515	0
203.33	7.354	0
203.39	7.3555	20
203.45	7.356	0
203.52	7.358	0
203.58	7.3605	0
203.64	7.361	0
203.7	7.3645	0
203.77	7.3705	0
203.83	7.3765	0
203.89	7.382	0
203.95	7.3885	0
204.02	7.3955	0
204.08	7.404	0
204.14	7.4135	0
204.2	7.4255	0
204.27	7.439	0
204.33	7.4515	0
204.39	7.465	0
204.45	7.4775	0
204.52	7.488	0
204.58	7.499	0
204.64	7.5115	0
204.7	7.5235	0
204.77	7.534	0
204.83	7.5435	0
204.89	7.5525	0
204.95	7.562	0
205.02	7.5705	0
205.08	7.581	0
205.14	7.5895	0
205.2	7.6	0
205.27	7.61	0
205.33	7.6205	0
205.39	7.6315	0
205.45	7.644	0
205.52	7.6575	0
205.58	7.673	0
205.64	7.6905	0
205.7	7.707	0
205.77	7.7245	0
205.83	7.7435	0
205.89	7.7625	0
205.95	7.7805	0
206.02	7.8	0
206.08	7.8215	0
206.14	7.8445	0
206.2	7.867	0
206.27	7.8905	0
206.33	7.91	0
206.39	7.9285	0
206.45	7.9425	0
206.52	7.956	0
206.58	7.972	0
206.64	7.99	0
206.7	8.0065	0
206.77	8.0205	0
206.83	8.0325	0
206.89	8.045	0
206.95	8.056	0
207.02	8.0645	0
207.08	8.077	0
207.14	8.087	0
207.2	8.0985	0
207.27	8.1085	0
207.33	8.1165	0
207.39	8.123	0
207.45	8.1295	0
207.52	8.1345	0
207.58	8.14	0
207.64	8.146	0
207.7	8.1525	0
207.77	8.1595	0
207.83	8.168	0
207.89	8.181	0
207.95	8.186	0
208.02	8.191	0
208.08	8.196	0
208.14	8.2	0
208.2	8.206	0
208.27	8.212	0
208.33	8.2165	0
208.39	8.218	0
208.45	8.2195	0
208.52	8.2215	0
208.58	8.226	0
208.64	8.2315	0
208.7	8.238	0
208.77	8.2425	0
208.83	8.245	0
208.89	8.248	0
208.95	8.2505	0
209.02	8.252	0
209.08	8.2535	0
209.14	8.257	0
209.2	8.262	0
209.27	8.267	0
209.33	8.27	0
209.39	8.2725	0
209.45	8.274	0
209.52	8.274	0
209.58	8.274	0
209.64	8.2755	0
209.7	8.275	0
209.77	8.2765	0
209.83	8.28	0
209.89	8.2825	0
209.95	8.2835	0
210.02	8.2795	0
210.08	8.2785	0
210.14	8.279	0
210.2	8.2825	0
210.27	8.2825	0
210.33	8.282	0
210.39	8.2825	0
210.45	8.281	0
210.52	8.2785	0
210.58	8.276	0
210.64	8.2735	0
210.7	8.273	0
210.77	8.2715	0
210.83	8.2685	0
210.89	8.2655	0
210.95	8.262	0
211.02	8.2585	0
211.08	8.2545	0
211.14	8.2515	0
211.2	8.2495	0
211.27	8.249	0
211.33	8.249	0
211.39	8.2505	22
211.45	8.2505	0
211.52	8.25	0
211.58	8.2485	0
211.64	8.249	0
211.7	8.252	0
211.77	8.253	0
211.83	8.2545	0
211.89	8.256	0
211.95	8.256	0
212.02	8.2565	0
212.08	8.256	0
212.14	8.258	0
212.2	8.2605	0
212.27	8.261	0
212.33	8.262	0
212.39	8.2615	0
212.45	8.2595	0
212.52	8.2585	0
212.58	8.257	0
212.64	8.2565	0
212.7	8.256	0
212.77	8.256	0
212.83	8.255	0
212.89	8.2525	0
212.95	8.2495	0
213.02	8.247	0
213.08	8.2455	0
213.14	8.245	0
213.2	8.2495	0
213.27	8.2535	0
213.33	8.261	0
213.39	8.27	0
213.45	8.2805	0
213.52	8.2955	0
213.58	8.312	0
213.64	8.3315	0
213.7	8.3545	0
213.77	8.3775	0
213.83	8.4015	0
213.89	8.4245	0
213.95	8.4465	0
214.02	8.4715	0
214.08	8.4935	0
214.14	8.515	0
214.2	8.5375	0
214.27	8.5585	0
214.33	8.579	0
214.39	8.598	0
214.45	8.615	0
214.52	8.6315	0
214.58	8.646	0
214.64	8.662	0
214.7	8.6765	0
214.77	8.692	0
214.83	8.7025	0
214.89	8.71	0
214.95	8.7185	0
215.02	8.729	0
215.08	8.7385	0
215.14	8.7475	0
215.2	8.7515	0
215.27	8.754	0
215.33	8.7575	0
215.39	8.7585	0
215.45	8.76	0
215.52	8.761	0
215.58	8.7605	0
215.64	8.762	0
215.7	8.762	0
215.77	8.7615	0
215.83	8.762	0
215.89	8.7615	0
215.95	8.7605	0
216.02	8.7595	0
216.08	8.7575	0
216.14	8.7575	0
216.2	8.7585	0
216.27	8.757	0
216.33	8.757	0
216.39	8.756	0
216.45	8.753	0
216.52	8.748	0
216.58	8.7435	0
216.64	8.7425	0
216.7	8.739	0
216.77	8.7345	0
216.83	8.73	0
216.89	8.7255	0
216.95	8.7185	0
217.02	8.7115	0
217.08	8.7045	0
217.14	8.6985	0
217.2	8.6925	0
217.27	8.684	0
217.33	8.6775	0
217.39	8.6675	0
217.45	8.6605	0
217.52	8.652	0
217.58	8.6435	0
217.64	8.6345	0
217.7	8.627	0
217.77	8.6195	0
217.83	8.6125	0
217.89	8.603	0
217.95	8.595	0
218.02	8.5875	0
218.08	8.579	0
218.14	8.5745	0
218.2	8.5675	0
218.27	8.5615	0
218.33	8.554	0
218.39	8.5465	0
218.45	8.5395	0
218.52	8.532	0
218.58	8.526	0
218.64	8.522	0
218.7	8.518	0
218.77	8.5135	0
218.83	8.509	0
218.89	8.505	0
218.95	8.5015	0
219.02	8.498	0
219.08	8.494	0
219.14	8.4915	0
219.2	8.4905	0
219.27	8.489	0
219.33	8.489	0
219.39	8.489	0
219.45	8.49	0
219.52	8.491	0
219.58	8.493	0
219.64	8.497	0
219.7	8.502	0
219.77	8.5065	0
219.83	8.5105	0
219.89	8.514	0
219.95	8.5175	0
220.02	8.5215	0
220.08	8.526	0
220.14	8.53	0
220.2	8.534	0
220.27	8.5365	0
220.33	8.539	0
220.39	8.5425	0
220.45	8.543	0
220.52	8.5445	0
220.58	8.5465	0
220.64	8.548	0
220.7	8.549	0
220.77	8.5495	0
220.83	8.5495	0
220.89	8.548	0
220.95	8.5465	0
221.02	8.5455	0
221.08	8.5455	0
221.14	8.543	0
221.2	8.541	0
221.27	8.5405	0
221.33	8.537	0
221.39	8.5335	0
221.45	8.53	0
221.52	8.5265	0
221.58	8.524	0
221.64	8.522	0
221.7	8.5195	0
221.77	8.5175	0
221.83	8.5125	0
221.89	8.51	0
221.95	8.505	0
222.02	8.5025	0
222.08	8.499	0
222.14	8.495	0
222.2	8.492	0
222.27	8.489	0
222.33	8.4845	0
222.39	8.481	0
222.45	8.477	0
222.52	8.4725	0
222.58	8.4705	0
222.64	8.468	0
222.7	8.466	0
222.77	8.4635	0
222.83	8.459	0
222.89	8.455	0
222.95	8.4515	0
223.02	8.448	0
223.08	8.446	0
223.14	8.4435	0
223.2	8.4415	0
223.27	8.439	0
223.33	8.4365	0
223.39	8.434	0
223.45	8.4325	0
223.52	8.4305	0
223.58	8.4295	0
223.64	8.4295	0
223.7	8.429	0
223.77	8.4295	0
223.83	8.4285	0
223.89	8.4295	0
223.95	8.43	0
224.02	8.431	0
224.08	8.4325	0
224.14	8.4335	0
224.2	8.4345	0
224.27	8.436	0
224.33	8.4375	0
224.39	8.438	0
224.45	8.4385	0
224.52	8.4395	0
224.58	8.4405	0
224.64	8.4425	0
224.7	8.445	0
224.77	8.4465	0
224.83	8.446	0
224.89	8.445	0
224.95	8.4445	0
225.02	8.444	0
225.08	8.4445	0
225.14	8.4435	0
225.2	8.4425	0
225.27	8.4415	0
225.33	8.4385	0
225.39	8.4355	0
225.45	8.4325	0
225.52	8.429	0
225.58	8.427	0
225.64	8.4255	0
225.7	8.424	0
225.77	8.4205	0
225.83	8.4175	0
225.89	8.415	0
225.95	8.412	0
226.02	8.4095	0
226.08	8.407	0
226.14	8.404	0
226.2	8.401	0
226.27	8.3975	0
226.33	8.3935	0
226.39	8.3885	0
226.45	8.384	0
226.52	8.3805	0
226.58	8.3775	0
226.64	8.3745	0
226.7	8.371	0
226.77	8.367	0
226.83	8.3625	0
226.89	8.3585	0
226.95	8.354	0
227.02	8.35	0
227.08	8.347	0
227.14	8.343	0
227.2	8.34	0
227.27	8.3355	0
227.33	8.33	0
227.39	8.325	23
227.45	8.321	0
227.52	8.3175	0
227.58	8.3135	0
227.64	8.311	0
227.7	8.3075	0
227.77	8.3035	0
227.83	8.2995	0
227.89	8.2955	0
227.95	8.2935	0
228.02	8.2915	0
228.08	8.2915	0
228.14	8.2905	0
228.2	8.2905	0
228.27	8.2925	0
228.33	8.295	0
228.39	8.298	0
228.45	8.302	0
228.52	8.3095	0
228.58	8.318	0
228.64	8.328	0
228.7	8.338	0
228.77	8.348	0
228.83	8.3585	0
228.89	8.369	0
228.95	8.381	0
229.02	8.3935	0
229.08	8.406	0
229.14	8.4185	0
229.2	8.4315	0
229.27	8.444	0
229.33	8.4575	0
229.39	8.4715	0
229.45	8.487	0
229.52	8.5055	0
229.58	8.5255	0
229.64	8.5465	0
229.7	8.5685	0
229.77	8.5905	0
229.83	8.6145	0
229.89	8.6395	0
229.95	8.665	0
230.02	8.6905	0
230.08	8.716	0
230.14	8.741	0
230.2	8.7645	0
230.27	8.7885	0
230.33	8.81	0
230.39	8.8315	0
230.45	8.8525	0
230.52	8.872	0
230.58	8.8905	0
230.64	8.9065	0
230.7	8.922	0
230.77	8.9335	0
230.83	8.945	0
230.89	8.955	0
230.95	8.963	0
231.02	8.9715	0
231.08	8.9775	0
231.14	8.983	0
231.2	8.988	0
231.27	8.9905	0
231.33	8.993	0
231.39	8.994	0
231.45	8.9945	0
231.52	8.9955	0
231.58	8.9945	0
231.64	8.995	0
231.7	8.994	0
231.77	8.9915	0
231.83	8.9865	0
231.89	8.983	0
231.95	8.9785	0
232.02	8.9745	0
232.08	8.969	0
232.14	8.9635	0
232.2	8.957	0
232.27	8.95	0
232.33	8.9415	0
232.39	8.933	0
232.45	8.925	0
232.52	8.917	0
232.58	8.9095	0
232.64	8.901	0
232.7	8.892	0
232.77	8.883	0
232.83	8.8725	0
232.89	8.8615	0
232.95	8.853	0
233.02	8.8425	0
233.08	8.833	0
233.14	8.8225	0
233.2	8.8125	0
233.27	8.8005	0
233.33	8.7915	0
233.39	8.7805	0
233.45	8.7715	0
233.52	8.7605	0
233.58	8.751	0
233.64	8.741	0
233.7	8.731	0
233.77	8.7205	0
233.83	8.709	0
233.89	8.6975	0
233.95	8.687	0
234.02	8.6775	0
234.08	8.669	0
234.14	8.659	0
234.2	8.649	0
234.27	8.638	0
234.33	8.627	0
234.39	8.6175	0
234.45	8.6075	0
234.52	8.5995	0
234.58	8.592	0
234.64	8.5835	0
234.7	8.5745	0
234.77	8.5665	0
234.83	8.5575	0
234.89	8.549	0
234.95	8.54	0
235.02	8.5325	0
235.08	8.525	0
235.14	8.518	0
235.2	8.5095	0
235.27	8.5015	0
235.33	8.4935	0
235.39	8.4855	0
235.45	8.4785	0
235.52	8.4725	0
235.58	8.4665	0
235.64	8.4605	0
235.7	8.4545	0
235.77	8.4485	0
235.83	8.4435	0
235.89	8.439	0
235.95	8.4355	0
236.02	8.4325	0
236.08	8.4315	0
236.14	8.43	0
236.2	8.4295	0
236.27	8.4285	0
236.33	8.427	0
236.39	8.428	0
236.45	8.4295	0
236.52	8.432	0
236.58	8.435	0
236.64	8.4385	0
236.7	8.442	0
236.77	8.4455	0
236.83	8.4485	0
236.89	8.4525	0
236.95	8.456	0
237.02	8.461	0
237.08	8.466	0
237.14	8.4705	0
237.2	8.473	0
237.27	8.4765	0
237.33	8.48	0
237.39	8.4825	0
237.45	8.4855	0
237.52	8.488	0
237.58	8.4915	0
237.64	8.4945	0
237.7	8.496	0
237.77	8.4975	0
237.83	8.4985	0
237.89	8.4985	0
237.95	8.5	0
238.02	8.5005	0
238.08	8.502	0
238.14	8.502	0
238.2	8.501	0
238.27	8.4985	0
238.33	8.4975	0
238.39	8.4955	0
238.45	8.494	0
238.52	8.4935	0
238.58	8.4925	0
238.64	8.4905	0
238.7	8.489	0
238.77	8.4865	0
238.83	8.4835	0
238.89	8.48	0
238.95	8.4775	0
239.02	8.4755	0
239.08	8.4735	0
239.14	8.4705	0
239.2	8.468	0
239.27	8.462	0
239.33	8.4585	0
239.39	8.455	0
239.45	8.451	0
239.52	8.4485	0
239.58	8.4445	0
239.64	8.442	0
239.7	8.4375	0
239.77	8.4335	0
239.83	8.4295	0
239.89	8.4245	0
239.95	8.421	0
240.02	8.4185	0
240.08	8.416	0
240.14	8.4135	0
240.2	8.409	0
240.27	8.403	0
240.33	8.3995	0
240.39	8.396	0
240.45	8.394	0
240.52	8.392	0
240.58	8.3905	0
240.64	8.39	0
240.7	8.3895	0
240.77	8.39	0
240.83	8.3905	0
240.89	8.3935	0
240.95	8.3975	0
241.02	8.4015	0
241.08	8.408	0
241.14	8.4135	0
241.2	8.419	0
241.27	8.424	0
241.33	8.429	0
241.39	8.4345	0
241.45	8.44	0
241.52	8.4455	0
241.58	8.451	0
241.64	8.4565	0
241.7	8.461	0
241.77	8.464	0
241.83	8.4695	0
241.89	8.4725	0
241.95	8.4775	0
242.02	8.483	0
242.08	8.4865	0
242.14	8.492	0
242.2	8.494	0
242.27	8.497	0
242.33	8.4995	0
242.39	8.5025	0
242.45	8.506	0
242.52	8.5095	0
242.58	8.5125	0
242.64	8.5155	0
242.7	8.5185	0
242.77	8.52	0
242.83	8.523	0
242.89	8.5255	0
242.95	8.529	0
243.02	8.5325	0
243.08	8.536	0
243.14	8.5385	0
243.2	8.5405	0
243.27	8.5425	0
243.33	8.543	0
243.39	8.544	0
243.45	8.5445	0
243.52	8.545	0
243.58	8.5475	0
243.64	8.5485	0
243.7	8.5495	0
243.77	8.5495	0
243.83	8.5495	0
243.89	8.5515	0
243.95	8.5535	0
244.02	8.5555	0
244.08	8.5575	0
244.14	8.5595	0
244.2	8.5605	0
244.27	8.563	0
244.33	8.5645	0
244.39	8.566	0
244.45	8.5685	0
244.52	8.5705	0
244.58	8.572	0
244.64	8.5735	0
244.7	8.5735	0
244.77	8.5725	0
244.83	8.5725	0
244.89	8.573	0
244.95	8.574	0
245.02	8.575	0
245.08	8.5755	0
245.14	8.5745	0
245.2	8.572	0
245.27	8.5705	0
245.33	8.5685	0
245.39	8.567	0
245.45	8.566	0
245.52	8.566	0
245.58	8.5655	0
245.64	8.5655	0
245.7	8.566	0
245.77	8.567	0
245.83	8.569	0
245.89	8.5735	0
245.95	8.5795	0
246.02	8.587	0
246.08	8.595	0
246.14	8.6035	0
246.2	8.613	0
246.27	8.624	0
246.33	8.636	0
246.39	8.649	0
246.45	8.6655	0
246.52	8.68	0
246.58	8.6955	0
246.64	8.711	0
246.7	8.725	0
246.77	8.7405	0
246.83	8.7535	0
246.89	8.7675	0
246.95	8.78	0
247.02	8.793	0
247.08	8.806	0
247.14	8.8145	0
247.2	8.8225	0
247.27	8.831	0
247.33	8.838	0
247.39	8.845	0
247.45	8.853	0
247.52	8.8575	0
247.58	8.8625	0
247.64	8.866	0
247.7	8.8675	0
247.77	8.869	0
247.83	8.87	0
247.89	8.871	0
247.95	8.8715	0
248.02	8.8735	0
248.08	8.8725	0
248.14	8.8715	0
248.2	8.867	0
248.27	8.863	0
248.33	8.8585	0
248.39	8.8555	0
248.45	8.8515	0
248.52	8.8475	0
248.58	8.8425	0
248.64	8.835	0
248.7	8.83	0
248.77	8.8235	0
248.83	8.816	0
248.89	8.811	0
248.95	8.805	0
249.02	8.7985	0
249.08	8.792	0
249.14	8.7855	0
249.2	8.778	0
249.27	8.771	0
249.33	8.764	0
249.39	8.7585	0
249.45	8.7525	0
249.52	8.745	0
249.58	8.7395	0
249.64	8.732	0
249.7	8.725	0
249.77	8.716	0
249.83	8.707	0
249.89	8.7005	0
249.95	8.6935	0
250.02	8.687	0
250.08	8.6805	0
250.14	8.6735	0
250.2	8.6665	0
250.27	8.659	0
250.33	8.6525	0
250.39	8.648	0
250.45	8.6415	0
250.52	8.6355	0
250.58	8.63	0
250.64	8.622	0
250.7	8.6155	0
250.77	8.6095	0
250.83	8.6045	0
250.89	8.6	0
250.95	8.5965	0
251.02	8.5935	0
251.08	8.5905	0
251.14	8.588	0
251.2	8.5865	0
251.27	8.5845	0
251.33	8.5845	0
251.39	8.5875	0
251.45	8.59	0
251.52	8.5945	0
251.58	8.5985	0
251.64	8.6015	0
251.7	8.605	0
251.77	8.61	0
251.83	8.6145	0
251.89	8.621	0
251.95	8.627	0
252.02	8.633	0
252.08	8.6375	0
252.14	8.6415	0
252.2	8.646	0
252.27	8.65	0
252.33	8.653	0
252.39	8.657	0
252.45	8.6605	0
252.52	8.6635	0
252.58	8.665	0
252.64	8.666	0
252.7	8.6675	0
252.77	8.667	0
252.83	8.6675	0
252.89	8.6675	0
252.95	8.667	0
253.02	8.667	0
253.08	8.6665	0
253.14	8.6635	0
253.2	8.66	0
253.27	8.6565	0
253.33	8.655	0
253.39	8.653	0
253.45	8.6515	0
253.52	8.649	0
253.58	8.6485	0
253.64	8.646	0
253.7	8.646	0
253.77	8.646	0
253.83	8.6465	0
253.89	8.6485	0
253.95	8.651	0
254.02	8.654	0
254.08	8.6565	0
254.14	8.6575	0
254.2	8.6625	0
254.27	8.666	0
254.33	8.6715	0
254.39	8.676	0
254.45	8.681	0
254.52	8.686	0
254.58	8.6895	0
254.64	8.6925	0
254.7	8.6945	0
254.77	8.6975	0
254.83	8.6995	0
254.89	8.7025	0
254.95	8.7035	0
255.02	8.7035	0
255.08	8.703	0
255.14	8.7025	0
255.2	8.7	0
255.27	8.699	0
255.33	8.6975	0
255.39	8.696	0
255.45	8.6945	0
255.52	8.6925	0
255.58	8.689	0
255.64	8.6855	0
255.7	8.6825	0
255.77	8.679	0
255.83	8.6755	0
255.89	8.6715	0
255.95	8.6675	0
256.02	8.662	0
256.08	8.6565	0
256.14	8.6505	0
256.2	8.6445	0
256.27	8.639	0
256.33	8.6345	0
256.39	8.63	0
256.45	8.625	0
256.52	8.62	0
256.58	8.6155	0
256.64	8.611	0
256.7	8.609	0
256.77	8.608	0
256.83	8.6085	0
256.89	8.6105	0
256.95	8.614	0
257.02	8.62	0
257.08	8.625	0
257.14	8.633	0
257.2	8.64	0
257.27	8.65	0
257.33	8.6615	0
257.39	8.673	0
257.45	8.685	0
257.52	8.697	0
257.58	8.708	0
257.64	8.719	0
257.7	8.7285	0
257.77	8.739	0
257.83	8.749	0
257.89	8.7575	0
257.95	8.7655	0
258.02	8.771	0
258.08	8.7745	0
258.14	8.7785	0
258.2	8.7835	0
258.27	8.7855	0
258.33	8.79	0
258.39	8.7925	0
258.45	8.793	0
258.52	8.7945	0
258.58	8.795	0
258.64	8.795	0
258.7	8.793	0
258.77	8.7915	0
258.83	8.791	0
258.89	8.7895	0
258.95	8.7875	0
259.02	8.7845	0
259.08	8.7805	0
259.14	8.778	0
259.2	8.7755	0
259.27	8.774	0
259.33	8.774	0
259.39	8.775	24
259.45	8.7745	0
259.52	8.775	0
259.58	8.778	0
259.64	8.7785	0
259.7	8.7795	0
259.77	8.783	0
259.83	8.787	0
259.89	8.79	0
259.95	8.793	0
260.02	8.795	0
260.08	8.796	0
260.14	8.797	0
260.2	8.797	0
260.27	8.798	0
260.33	8.799	0
260.39	8.799	0
260.45	8.7995	0
260.52	8.7975	0
260.58	8.7955	0
260.64	8.793	0
260.7	8.79	0
260.77	8.787	0
260.83	8.784	0
260.89	8.781	0
260.95	8.777	0
261.02	8.7735	0
261.08	8.7685	0
261.14	8.765	0
261.2	8.763	0
261.27	8.762	0
261.33	8.763	0
261.39	8.766	0
261.45	8.7695	0
261.52	8.7755	0
261.58	8.784	0
261.64	8.7955	0
261.7	8.8105	0
261.77	8.8275	0
261.83	8.8465	0
261.89	8.865	0
261.95	8.886	0
262.02	8.904	0
262.08	8.923	0
262.14	8.9435	0
262.2	8.9625	0
262.27	8.9815	0
262.33	8.996	0
262.39	9.01	0
262.45	9.0215	0
262.52	9.031	0
262.58	9.038	0
262.64	9.044	0
262.7	9.05	0
262.77	9.0545	0
262.83	9.0555	0
262.89	9.056	0
262.95	9.0535	0
263.02	9.0525	0
263.08	9.0485	0
263.14	9.046	0
263.2	9.045	0
263.27	9.0405	0
263.33	9.0375	0
263.39	9.034	21
263.45	9.031	0
263.52	9.0275	0
263.58	9.0255	0
263.64	9.023	0
263.7	9.0195	0
263.77	9.0185	0
263.83	9.0155	0
263.89	9.0125	0
263.95	9.0055	0
264.02	8.999	0
264.08	8.9935	0
264.14	8.9875	0
264.2	8.9845	0
264.27	8.9815	0
264.33	8.9775	0
264.39	8.9735	0
264.45	8.969	0
264.52	8.9635	0
264.58	8.9575	0
264.64	8.9515	0
264.7	8.947	0
264.77	8.9415	0
264.83	8.936	0
264.89	8.931	0
264.95	8.924	0
265.02	8.918	0
265.08	8.91	0
265.14	8.902	0
265.2	8.895	0
265.27	8.888	0
265.33	8.8795	0
265.39	8.873	0
265.45	8.865	0
265.52	8.8555	0
265.58	8.8465	0
265.64	8.8405	0
265.7	8.834	0
265.77	8.829	0
265.83	8.824	0
265.89	8.818	0
265.95	8.813	0
266.02	8.8085	0
266.08	8.8025	0
266.14	8.7975	0
266.2	8.7955	0
266.27	8.792	0
266.33	8.7885	0
266.39	8.784	0
266.45	8.779	0
266.52	8.7745	0
266.58	8.77	0
266.64	8.7665	0
266.7	8.763	0
266.77	8.759	0
266.83	8.754	0
266.89	8.748	0
266.95	8.7415	0
267.02	8.736	0
267.08	8.731	0
267.14	8.726	0
267.2	8.7215	0
267.27	8.716	0
267.33	8.711	0
267.39	8.705	0
267.45	8.698	0
267.52	8.6925	0
267.58	8.6855	0
267.64	8.68	0
267.7	8.676	0
267.77	8.67	0
267.83	8.665	0
267.89	8.659	0
267.95	8.6515	0
268.02	8.6455	0
268.08	8.6395	0
268.14	8.634	0
268.2	8.6295	0
268.27	8.6245	0
268.33	8.6185	0
268.39	8.612	0
268.45	8.606	0
268.52	8.599	0
268.58	8.5945	0
268.64	8.59	0
268.7	8.5845	0
268.77	8.5795	0
268.83	8.5735	0
268.89	8.567	0
268.95	8.5615	0
269.02	8.556	0
269.08	8.5505	0
269.14	8.5455	0
269.2	8.541	0
269.27	8.5365	0
269.33	8.5305	0
269.39	8.5245	0
269.45	8.5185	0
269.52	8.513	0
269.58	8.5075	0
269.64	8.502	0
269.7	8.4975	0
269.77	8.493	0
269.83	8.488	0
269.89	8.4815	0
269.95	8.4765	0
270.02	8.472	0
270.08	8.468	0
270.14	8.4645	0
270.2	8.462	0
270.27	8.4585	0
270.33	8.455	0
270.39	8.452	0
270.45	8.449	0
270.52	8.444	0
270.58	8.4415	0
270.64	8.441	0
270.7	8.4395	0
270.77	8.438	0
270.83	8.4365	0
270.89	8.4345	0
270.95	8.433	0
271.02	8.433	0
271.08	8.433	0
271.14	8.4335	0
271.2	8.4345	0
271.27	8.434	0
271.33	8.4345	0
271.39	8.4355	0
271.45	8.435	0
271.52	8.4345	0
271.58	8.4355	0
271.64	8.4355	0
271.7	8.4365	0
271.77	8.437	0
271.83	8.436	0
271.89	8.435	0
271.95	8.4335	0
272.02	8.433	0
272.08	8.4335	0
272.14	8.4335	0
272.2	8.4335	0
272.27	8.433	0
272.33	8.4315	0
272.39	8.4295	0
272.45	8.4275	0
272.52	8.427	0
272.58	8.4265	0
272.64	8.4265	0
272.7	8.4265	0
272.77	8.426	0
272.83	8.424	0
272.89	8.423	0
272.95	8.422	0
273.02	8.42	0
273.08	8.4205	0
273.14	8.4205	0
273.2	8.4215	0
273.27	8.421	0
273.33	8.4205	0
273.39	8.4205	0
273.45	8.4195	0
273.52	8.4195	0
273.58	8.4205	0
273.64	8.422	0
273.7	8.4225	0
273.77	8.421	0
273.83	8.42	0
273.89	8.4185	0
273.95	8.417	0
274.02	8.417	0
274.08	8.4175	0
274.14	8.4175	0
274.2	8.416	0
274.27	8.4155	0
274.33	8.413	0
274.39	8.412	0
274.45	8.4105	0
274.52	8.409	0
274.58	8.409	0
274.64	8.408	0
274.7	8.4075	0
274.77	8.406	0
274.83	8.403	0
274.89	8.401	0
274.95	8.398	0
275.02	8.397	0
275.08	8.395	0
275.14	8.3935	0
275.2	8.3925	0
275.27	8.39	0
275.33	8.387	0
275.39	8.385	0
275.45	8.3835	0
275.52	8.3825	0
275.58	8.3815	0
275.64	8.3795	0
275.7	8.379	0
275.77	8.3755	0
275.83	8.374	0
275.89	8.3715	0
275.95	8.369	0
276.02	8.3665	0
276.08	8.365	0
276.14	8.3635	0
276.2	8.362	0
276.27	8.3585	0
276.33	8.356	0
276.39	8.3535	0
276.45	8.351	0
276.52	8.3505	0
276.58	8.3485	0
276.64	8.3475	0
276.7	8.3455	0
276.77	8.343	0
276.83	8.3405	0
276.89	8.3375	0
276.95	8.335	0
277.02	8.3325	0
277.08	8.3315	0
277.14	8.33	0
277.2	8.329	0
277.27	8.3255	0
277.33	8.322	0
277.39	8.321	0
277.45	8.3185	0
277.52	8.3175	0
277.58	8.317	0
277.64	8.316	0
277.7	8.315	0
277.77	8.3135	0
277.83	8.312	0
277.89	8.3115	0
277.95	8.312	0
278.02	8.313	0
278.08	8.3145	0
278.14	8.316	0
278.2	8.3165	0
278.27	8.316	0
278.33	8.3165	0
278.39	8.3175	0
278.45	8.319	0
278.52	8.321	0
278.58	8.323	0
278.64	8.3245	0
278.7	8.326	0
278.77	8.326	0
278.83	8.327	0
278.89	8.328	0
278.95	8.33	0
279.02	8.331	0
279.08	8.3325	0
279.14	8.333	0
279.2	8.3335	0
279.27	8.3325	0
279.33	8.332	0
279.39	8.3315	0
279.45	8.3315	0
279.52	8.3315	0
279.58	8.332	0
279.64	8.3315	0
279.7	8.331	0
279.77	8.3295	0
279.83	8.3285	0
279.89	8.3275	0
279.95	8.3275	0
280.02	8.3275	0
280.08	8.328	0
280.14	8.3265	0
280.2	8.326	0
280.27	8.324	0
280.33	8.3225	0
280.39	8.321	0
280.45	8.3205	0
280.52	8.32	0
280.58	8.319	0
280.64	8.3175	0
280.7	8.316	0
280.77	8.313	0
280.83	8.312	0
280.89	8.31	0
280.95	8.3085	0
281.02	8.3085	0
281.08	8.3075	0
281.14	8.3065	0
281.2	8.304	0
281.27	8.3025	0
281.33	8.3005	0
281.39	8.298	0
281.45	8.2965	0
281.52	8.295	0
281.58	8.294	0
281.64	8.292	0
281.7	8.29	0
281.77	8.2885	0
281.83	8.2875	0
281.89	8.288	0
281.95	8.288	0
282.02	8.2895	0
282.08	8.291	0
282.14	8.2925	0
282.2	8.296	0
282.27	8.298	0
282.33	8.3015	0
282.39	8.3075	0
282.45	8.313	0
282.52	8.3195	0
282.58	8.3255	0
282.64	8.3315	0
282.7	8.338	0
282.77	8.344	0
282.83	8.3505	0
282.89	8.3565	0
282.95	8.3645	0
283.02	8.373	0
283.08	8.382	0
283.14	8.3875	0
283.2	8.393	0
283.27	8.398	0
283.33	8.4045	0
283.39	8.41	0
283.45	8.415	0
283.52	8.42	0
283.58	8.4235	0
283.64	8.426	0
283.7	8.427	0
283.77	8.4275	0
283.83	8.429	0
283.89	8.43	0
283.95	8.4325	0
284.02	8.433	0
284.08	8.435	0
284.14	8.434	0
284.2	8.434	0
284.27	8.433	0
284.33	8.434	0
284.39	8.433	0
284.45	8.433	0
284.52	8.4335	0
284.58	8.432	0
284.64	8.4295	0
284.7	8.427	0
284.77	8.4255	0
284.83	8.424	0
284.89	8.4225	0
284.95	8.421	0
285.02	8.42	0
285.08	8.419	0
285.14	8.417	0
285.2	8.4145	0
285.27	8.4125	0
285.33	8.4105	0
285.39	8.4105	0
285.45	8.4105	0
285.52	8.4095	0
285.58	8.4085	0
285.64	8.4065	0
285.7	8.4065	0
285.77	8.406	0
285.83	8.4065	0
285.89	8.4075	0
285.95	8.41	0
286.02	8.413	0
286.08	8.415	0
286.14	8.4165	0
286.2	8.4195	0
286.27	8.4215	0
286.33	8.4255	0
286.39	8.4285	0
286.45	8.432	0
286.52	8.4365	0
286.58	8.4395	0
286.64	8.4415	0
286.7	8.4415	0
286.77	8.4425	0
286.83	8.444	0
286.89	8.4465	0
286.95	8.448	0
287.02	8.449	0
287.08	8.449	0
287.14	8.448	0
287.2	8.448	0
287.27	8.4475	0
287.33	8.4465	0
287.39	8.446	0
287.45	8.4455	0
287.52	8.446	0
287.58	8.445	0
287.64	8.443	0
287.7	8.441	0
287.77	8.439	0
287.83	8.4375	0
287.89	8.435	0
287.95	8.4335	0
288.02	8.431	0
288.08	8.4275	0
288.14	8.4235	0
288.2	8.4205	0
288.27	8.4175	0
288.33	8.415	0
288.39	8.413	0
288.45	8.411	0
288.52	8.408	0
288.58	8.405	0
288.64	8.4015	0
288.7	8.3985	0
288.77	8.3945	0
288.83	8.392	0
288.89	8.3895	0
288.95	8.3875	0
289.02	8.384	0
289.08	8.379	0
289.14	8.375	0
289.2	8.371	0
289.27	8.367	0
289.33	8.3635	0
289.39	8.36	0
289.45	8.3575	0
289.52	8.3545	0
289.58	8.3505	0
289.64	8.3465	0
289.7	8.3435	0
289.77	8.3395	0
289.83	8.3375	0
289.89	8.3365	0
289.95	8.334	0
290.02	8.3315	0
290.08	8.327	0
290.14	8.322	0
290.2	8.318	0
290.27	8.314	0
290.33	8.311	0
290.39	8.3085	0
290.45	8.306	0
290.52	8.3025	0
290.58	8.2985	0
290.64	8.2955	0
290.7	8.292	0
290.77	8.2885	0
290.83	8.2865	0
290.89	8.284	0
290.95	8.2825	0
291.02	8.279	0
291.08	8.2765	0
291.14	8.2725	0
291.2	8.27	0
291.27	8.267	0
291.33	8.264	0
291.39	8.2615	0
291.45	8.259	0
291.52	8.2565	0
291.58	8.2535	0
291.64	8.25	0
291.7	8.2475	0
291.77	8.2455	0
291.83	8.244	0
291.89	8.2425	0
291.95	8.241	0
292.02	8.239	0
292.08	8.236	0
292.14	8.2345	0
292.2	8.232	0
292.27	8.23	0
292.33	8.2285	0
292.39	8.227	0
292.45	8.2255	0
292.52	8.222	0
292.58	8.219	0
292.64	8.216	0
292.7	8.214	0
292.77	8.213	0
292.83	8.211	0
292.89	8.21	0
292.95	8.209	0
293.02	8.206	0
293.08	8.2045	0
293.14	8.203	0
293.2	8.201	0
293.27	8.1995	0
293.33	8.1975	0
293.39	8.1955	0
293.45	8.194	0
293.52	8.192	0
293.58	8.189	0
293.64	8.187	0
293.7	8.1845	0
293.77	8.184	0
293.83	8.183	0
293.89	8.182	0
293.95	8.1815	0
294.02	8.18	0
294.08	8.178	0
294.14	8.176	0
294.2	8.175	0
294.27	8.1735	0
294.33	8.173	0
294.39	8.1705	0
294.45	8.169	0
294.52	8.1675	0
294.58	8.1645	0
294.64	8.1625	0
294.7	8.161	0
294.77	8.16	0
294.83	8.159	0
294.89	8.158	0
294.95	8.157	0
295.02	8.1555	0
295.08	8.1535	0
295.14	8.152	0
295.2	8.1515	0
295.27	8.1505	0
295.33	8.1505	0
295.39	8.149	24
295.45	8.147	0
295.52	8.145	0
295.58	8.1435	0
295.64	8.1415	0
295.7	8.141	0
295.77	8.1405	0
295.83	8.14	0
295.89	8.14	0
295.95	8.139	0
296.02	8.1375	0
296.08	8.136	0
296.14	8.1345	0
296.2	8.1345	0
296.27	8.134	0
296.33	8.1335	0
296.39	8.133	0
296.45	8.131	0
296.52	8.129	0
296.58	8.126	0
296.64	8.124	0
296.7	8.1235	0
296.77	8.1235	0
296.83	8.122	0
296.89	8.1215	0
296.95	8.1205	0
297.02	8.1185	0
297.08	8.1185	0
297.14	8.118	0
297.2	8.12	0
297.27	8.1245	0
297.33	8.1305	0
297.39	8.1385	0
297.45	8.1485	0
297.52	8.161	0
297.58	8.176	0
297.64	8.1945	0
297.7	8.2175	0
297.77	8.2425	0
297.83	8.271	0
297.89	8.302	0
297.95	8.3325	0
298.02	8.3655	0
298.08	8.3985	0
298.14	8.4335	0
298.2	8.469	0
298.27	8.5045	0
298.33	8.539	0
298.39	8.572	0
298.45	8.602	0
298.52	8.6305	0
298.58	8.6585	0
298.64	8.6855	0
298.7	8.7135	0
298.77	8.7365	0
298.83	8.755	0
298.89	8.7705	0
298.95	8.783	0
299.02	8.7925	0
299.08	8.7995	0
299.14	8.803	0
299.2	8.807	0
299.27	8.808	0
299.33	8.8085	0
299.39	8.805	0
299.45	8.7995	0
299.52	8.794	0
299.58	8.788	0
299.64	8.784	0
299.7	8.78	0
299.77	8.7755	0
299.83	8.771	0
299.89	8.767	0
299.95	8.763	0
300.02	8.7585	0
300.08	8.756	0
300.14	8.754	0
300.2	8.754	0
300.27	8.754	0
300.33	8.752	0
300.39	8.748	0
300.45	8.7445	0
300.52	8.74	0
300.58	8.737	0
300.64	8.7335	0
300.7	8.728	0
300.77	8.7235	0
300.83	8.7175	0
300.89	8.7115	0
300.95	8.705	0
301.02	8.6995	0
301.08	8.694	0
301.14	8.689	0
301.2	8.6835	0
301.27	8.679	0
301.33	8.6735	0
301.39	8.668	0
301.45	8.6615	0
301.52	8.656	0
301.58	8.6505	0
301.64	8.645	0
301.7	8.6375	0
301.77	8.63	0
301.83	8.623	0
301.89	8.615	0
301.95	8.607	0
302.02	8.6	0
302.08	8.592	0
302.14	8.585	0
302.2	8.578	0
302.27	8.5715	0
302.33	8.5655	0
302.39	8.5575	0
302.45	8.549	0
302.52	8.5415	0
302.58	8.533	0
302.64	8.5255	0
302.7	8.517	0
302.77	8.5095	0
302.83	8.5015	0
302.89	8.4935	0
302.95	8.485	0
303.02	8.477	0
303.08	8.4695	0
303.14	8.463	0
303.2	8.456	0
303.27	8.4495	0
303.33	8.4415	0
303.39	8.434	0
303.45	8.4275	0
303.52	8.4195	0
303.58	8.4135	0
303.64	8.4065	0
303.7	8.401	0
303.77	8.3935	0
303.83	8.386	0
303.89	8.378	0
303.95	8.3715	0
304.02	8.3655	0
304.08	8.36	0
304.14	8.354	0
304.2	8.349	0
304.27	8.3435	0
304.33	8.339	0
304.39	8.334	0
304.45	8.327	0
304.52	8.3225	0
304.58	8.3175	0
304.64	8.313	0
304.7	8.3075	0
304.77	8.303	0
304.83	8.297	0
304.89	8.292	0
304.95	8.288	0
305.02	8.283	0
305.08	8.2795	0
305.14	8.276	0
305.2	8.2715	0
305.27	8.269	0
305.33	8.2645	0
305.39	8.2605	0
305.45	8.2555	0
305.52	8.2535	0
305.58	8.251	0
305.64	8.248	0
305.7	8.2445	0
305.77	8.2415	0
305.83	8.2375	0
305.89	8.2335	0
305.95	8.23	0
306.02	8.2275	0
306.08	8.225	0
306.14	8.2235	0
306.2	8.2205	0
306.27	8.2175	0
306.33	8.2145	0
306.39	8.211	0
306.45	8.2085	0
306.52	8.2065	0
306.58	8.205	0
306.64	8.2035	0
306.7	8.2015	0
306.77	8.1985	0
306.83	8.1955	0
306.89	8.192	0
306.95	8.19	0
307.02	8.188	0
307.08	8.1865	0
307.14	8.185	0
307.2	8.1825	0
307.27	8.18	0
307.33	8.1775	0
307.39	8.176	0
307.45	8.1735	0
307.52	8.173	0
307.58	8.1725	0
307.64	8.1705	0
307.7	8.169	0
307.77	8.167	0
307.83	8.1645	0
307.89	8.163	0
307.95	8.1605	0
308.02	8.1605	0
308.08	8.159	0
308.14	8.1575	0
308.2	8.156	0
308.27	8.1545	0
308.33	8.152	0
308.39	8.1495	0
308.45	8.1475	0
308.52	8.1465	0
308.58	8.1465	0
308.64	8.1455	0
308.7	8.1435	0
308.77	8.143	0
308.83	8.1405	0
308.89	8.1395	0
308.95	8.1385	0
309.02	8.1385	0
309.08	8.1375	0
309.14	8.1365	0
309.2	8.135	0
309.27	8.133	0
309.33	8.131	0
309.39	8.1285	0
309.45	8.1275	0
309.52	8.1275	0
309.58	8.1265	0
309.64	8.125	0
309.7	8.1235	0
309.77	8.122	0
309.83	8.121	0
309.89	8.119	0
309.95	8.1185	0
310.02	8.118	0
310.08	8.118	0
310.14	8.117	0
310.2	8.1155	0
310.27	8.114	0
310.33	8.112	0
310.39	8.1105	0
310.45	8.11	0
310.52	8.1095	0
310.58	8.1095	0
310.64	8.1085	0
310.7	8.1075	0
310.77	8.106	0
310.83	8.104	0
310.89	8.103	0
310.95	8.103	0
311.02	8.1035	0
311.08	8.103	0
311.14	8.1025	0
311.2	8.101	0
311.27	8.099	0
311.33	8.0975	0
311.39	8.0955	23
311.45	8.095	0
311.52	8.0945	0
311.58	8.0945	0
311.64	8.0945	0
311.7	8.0925	0
311.77	8.0915	0
311.83	8.0905	0
311.89	8.09	0
311.95	8.09	0
312.02	8.09	0
312.08	8.09	0
312.14	8.0895	0
312.2	8.0885	0
312.27	8.086	0
312.33	8.0835	0
312.39	8.0825	0
312.45	8.0825	0
312.52	8.0825	0
312.58	8.0815	0
312.64	8.0805	0
312.7	8.0795	0
312.77	8.079	0
312.83	8.077	0
312.89	8.0765	0
312.95	8.0765	0
313.02	8.077	0
313.08	8.077	0
313.14	8.0775	0
313.2	8.077	0
313.27	8.0775	0
313.33	8.0785	0
313.39	8.0805	0
313.45	8.0855	0
313.52	8.091	0
313.58	8.0985	0
313.64	8.108	0
313.7	8.117	0
313.77	8.131	0
313.83	8.147	0
313.89	8.165	0
313.95	8.1865	0
314.02	8.209	0
314.08	8.233	0
314.14	8.256	0
314.2	8.28	0
314.27	8.3055	0
314.33	8.3305	0
314.39	8.355	0
314.45	8.3795	0
314.52	8.404	0
314.58	8.426	0
314.64	8.446	0
314.7	8.4655	0
314.77	8.484	0
314.83	8.5025	0
314.89	8.519	0
314.95	8.5365	0
315.02	8.551	0
315.08	8.5655	0
315.14	8.577	0
315.2	8.5865	0
315.27	8.594	0
315.33	8.6005	0
315.39	8.6065	21
315.45	8.612	0
315.52	8.618	0
315.58	8.624	0
315.64	8.6265	0
315.7	8.628	0
315.77	8.6305	0
315.83	8.632	0
315.89	8.6345	0
315.95	8.636	0
316.02	8.6365	0
316.08	8.635	0
316.14	8.634	0
316.2	8.631	0
316.27	8.6295	0
316.33	8.6265	0
316.39	8.623	0
316.45	8.62	0
316.52	8.6175	0
316.58	8.615	0
316.64	8.6095	0
316.7	8.6045	0
316.77	8.6005	0
316.83	8.596	0
316.89	8.591	0
316.95	8.5885	0
317.02	8.585	0
317.08	8.58	0
317.14	8.5745	0
317.2	8.569	0
317.27	8.5645	0
317.33	8.5605	0
317.39	8.5565	0
317.45	8.552	0
317.52	8.547	0
317.58	8.5415	0
317.64	8.533	0
317.7	8.526	0
317.77	8.5185	0
317.83	8.5115	0
317.89	8.5065	0
317.95	8.5	0
318.02	8.494	0
318.08	8.487	0
318.14	8.4805	0
318.2	8.4735	0
318.27	8.465	0
318.33	8.459	0
318.39	8.4535	0
318.45	8.448	0
318.52	8.4425	0
318.58	8.4355	0
318.64	8.428	0
318.7	8.4205	0
318.77	8.414	0
318.83	8.408	0
318.89	8.4045	0
318.95	8.4015	0
319.02	8.396	0
319.08	8.391	0
319.14	8.3865	0
319.2	8.3815	0
319.27	8.376	0
319.33	8.373	0
319.39	8.3705	0
319.45	8.367	0
319.52	8.365	0
319.58	8.362	0
319.64	8.357	0
319.7	8.352	0
319.77	8.3475	0
319.83	8.3445	0
319.89	8.3415	0
319.95	8.339	0
320.02	8.336	0
320.08	8.332	0
320.14	8.328	0
320.2	8.3255	0
320.27	8.3215	0
320.33	8.3195	0
320.39	8.317	0
320.45	8.315	0
320.52	8.312	0
320.58	8.3085	0
320.64	8.305	0
320.7	8.302	0
320.77	8.298	0
320.83	8.2945	0
320.89	8.2915	0
320.95	8.2895	0
321.02	8.287	0
321.08	8.2825	0
321.14	8.2785	0
321.2	8.276	0
321.27	8.273	0
321.33	8.2715	0
321.39	8.269	0
321.45	8.267	0
321.52	8.265	0
321.58	8.262	0
321.64	8.2585	0
321.7	8.255	0
321.77	8.253	0
321.83	8.251	0
321.89	8.2485	0
321.95	8.246	0
322.02	8.243	0
322.08	8.2395	0
322.14	8.2375	0
322.2	8.233	0
322.27	8.2315	0
322.33	8.23	0
322.39	8.2285	0
322.45	8.227	0
322.52	8.2255	0
322.58	8.2245	0
322.64	8.222	0
322.7	8.2195	0
322.77	8.218	0
322.83	8.217	0
322.89	8.215	0
322.95	8.2125	0
323.02	8.211	0
323.08	8.209	0
323.14	8.207	0
323.2	8.204	0
323.27	8.203	0
323.33	8.2025	0
323.39	8.2015	22
323.45	8.2005	0
323.52	8.1995	0
323.58	8.1975	0
323.64	8.196	0
323.7	8.1945	0
323.77	8.195	0
323.83	8.1945	0
323.89	8.1945	0
323.95	8.194	0
324.02	8.192	0
324.08	8.191	0
324.14	8.1905	0
324.2	8.191	0
324.27	8.191	0
324.33	8.1915	0
324.39	8.192	0
324.45	8.1925	0
324.52	8.1935	0
324.58	8.194	0
324.64	8.194	0
324.7	8.194	0
324.77	8.195	0
324.83	8.1965	0
324.89	8.1965	0
324.95	8.199	0
325.02	8.198	0
325.08	8.1965	0
325.14	8.196	0
325.2	8.1955	0
325.27	8.195	0
325.33	8.1965	0
325.39	8.1965	0
325.45	8.197	0
325.52	8.1965	0
325.58	8.1975	0
325.64	8.1995	0
325.7	8.2025	0
325.77	8.207	0
325.83	8.2125	0
325.89	8.22	0
325.95	8.2265	0
326.02	8.234	0
326.08	8.2425	0
326.14	8.2515	0
326.2	8.2605	0
326.27	8.27	0
326.33	8.282	0
326.39	8.293	0
326.45	8.303	0
326.52	8.3125	0
326.58	8.3215	0
326.64	8.331	0
326.7	8.34	0
326.77	8.3495	0
326.83	8.3585	0
326.89	8.3665	0
326.95	8.373	0
327.02	8.378	0
327.08	8.383	0
327.14	8.3875	0
327.2	8.39	0
327.27	8.3945	0
327.33	8.3975	0
327.39	8.4	0
327.45	8.402	0
327.52	8.403	0
327.58	8.403	0
327.64	8.4035	0
327.7	8.404	0
327.77	8.406	0
327.83	8.406	0
327.89	8.4065	0
327.95	8.407	0
328.02	8.408	0
328.08	8.407	0
328.14	8.406	0
328.2	8.405	0
328.27	8.403	0
328.33	8.4005	0
328.39	8.399	0
328.45	8.396	0
328.52	8.3925	0
328.58	8.3895	0
328.64	8.387	0
328.7	8.3855	0
328.77	8.384	0
328.83	8.3815	0
328.89	8.3785	0
328.95	8.3755	0
329.02	8.3725	0
329.08	8.3685	0
329.14	8.366	0
329.2	8.3625	0
329.27	8.3605	0
329.33	8.3575	0
329.39	8.354	0
329.45	8.349	0
329.52	8.344	0
329.58	8.339	0
329.64	8.335	0
329.7	8.3325	0
329.77	8.3285	0
329.83	8.325	0
329.89	8.321	0
329.95	8.3165	0
330.02	8.313	0
330.08	8.3085	0
330.14	8.304	0
330.2	8.3015	0
330.27	8.2985	0
330.33	8.295	0
330.39	8.2905	0
330.45	8.287	0
330.52	8.281	0
330.58	8.2765	0
330.64	8.273	0
330.7	8.27	0
330.77	8.267	0
330.83	8.2645	0
330.89	8.2605	0
330.95	8.256	0
331.02	8.2515	0
331.08	8.249	0
331.14	8.2475	0
331.2	8.2455	0
331.27	8.2425	0
331.33	8.241	0
331.39	8.238	0
331.45	8.2345	0
331.52	8.231	0
331.58	8.2265	0
331.64	8.2245	0
331.7	8.222	0
331.77	8.22	0
331.83	8.218	0
331.89	8.215	0
331.95	8.213	0
332.02	8.2105	0
332.08	8.2085	0
332.14	8.2065	0
332.2	8.2055	0
332.27	8.203	0
332.33	8.202	0
332.39	8.1985	0
332.45	8.1955	0
332.52	8.1925	0
332.58	8.191	0
332.64	8.1895	0
332.7	8.188	0
332.77	8.187	0
332.83	8.186	0
332.89	8.185	0
332.95	8.182	0
333.02	8.1805	0
333.08	8.18	0
333.14	8.179	0
333.2	8.1785	0
333.27	8.178	0
333.33	8.178	0
333.39	8.1765	0
333.45	8.175	0
333.52	8.1735	0
333.58	8.1715	0
333.64	8.171	0
333.7	8.1715	0
333.77	8.1705	0
333.83	8.169	0
333.89	8.1685	0
333.95	8.167	0
334.02	8.1655	0
334.08	8.166	0
334.14	8.165	0
334.2	8.165	0
334.27	8.165	0
334.33	8.1645	0
334.39	8.164	0
334.45	8.1625	0
334.52	8.161	0
334.58	8.159	0
334.64	8.158	0
334.7	8.1575	0
334.77	8.1565	0
334.83	8.155	0
334.89	8.154	0
334.95	8.152	0
335.02	8.15	0
335.08	8.1495	0
335.14	8.1505	0
335.2	8.1505	0
335.27	8.151	0
335.33	8.151	0
335.39	8.1505	0
335.45	8.1505	0
335.52	8.1505	0
335.58	8.151	0
335.64	8.151	0
335.7	8.1515	0
335.77	8.153	0
335.83	8.152	0
335.89	8.152	0
335.95	8.152	0
336.02	8.1525	0
336.08	8.154	0
336.14	8.155	0
336.2	8.157	0
336.27	8.1595	0
336.33	8.1605	0
336.39	8.1615	0
336.45	8.1605	0
336.52	8.161	0
336.58	8.1615	0
336.64	8.1625	0
336.7	8.1635	0
336.77	8.1645	0
336.83	8.165	0
336.89	8.1645	0
336.95	8.164	0
337.02	8.164	0
337.08	8.1645	0
337.14	8.1655	0
337.2	8.166	0
337.27	8.1675	0
337.33	8.1665	0
337.39	8.166	0
337.45	8.165	0
337.52	8.165	0
337.58	8.163	0
337.64	8.1625	0
337.7	8.1625	0
337.77	8.1615	0
337.83	8.1605	0
337.89	8.158	0
337.95	8.1575	0
338.02	8.156	0
338.08	8.156	0
338.14	8.156	0
338.2	8.156	0
338.27	8.1555	0
338.33	8.154	0
338.39	8.1535	0
338.45	8.1515	0
338.52	8.1505	0
338.58	8.151	0
338.64	8.151	0
338.7	8.151	0
338.77	8.1495	0
338.83	8.146	0
338.89	8.1435	0
338.95	8.142	0
339.02	8.1405	0
339.08	8.14	0
339.14	8.139	0
339.2	8.138	0
339.27	8.1365	0
339.33	8.1355	0
339.39	8.1335	0
339.45	8.132	0
339.52	8.1305	0
339.58	8.1305	0
339.64	8.131	0
339.7	8.13	0
339.77	8.1285	0
339.83	8.127	0
339.89	8.1255	0
339.95	8.123	0
340.02	8.1205	0
340.08	8.121	0
340.14	8.12	0
340.2	8.1195	0
340.27	8.1185	0
340.33	8.1165	0
340.39	8.1155	0
340.45	8.1135	0
340.52	8.1135	0
340.58	8.1125	0
340.64	8.1115	0
340.7	8.1115	0
340.77	8.1105	0
340.83	8.109	0
340.89	8.106	0
340.95	8.1045	0
341.02	8.1025	0
341.08	8.1025	0
341.14	8.1025	0
341.2	8.101	0
341.27	8.1005	0
341.33	8.099	0
341.39	8.097	0
341.45	8.097	0
341.52	8.0975	0
341.58	8.0975	0
341.64	8.097	0
341.7	8.0965	0
341.77	8.097	0
341.83	8.096	0
341.89	8.0945	0
341.95	8.0945	0
342.02	8.0935	0
342.08	8.0935	0
342.14	8.094	0
342.2	8.0925	0
342.27	8.0915	0
342.33	8.091	0
342.39	8.09	0
342.45	8.0895	0
342.52	8.09	0
342.58	8.09	0
342.64	8.0905	0
342.7	8.091	0
342.77	8.0905	0
342.83	8.089	0
342.89	8.0885	0
342.95	8.088	0
343.02	8.0875	0
343.08	8.0865	0
343.14	8.0865	0
343.2	8.0855	0
343.27	8.084	0
343.33	8.0815	0
343.39	8.081	0
343.45	8.0805	0
343.52	8.081	0
343.58	8.081	0
343.64	8.0815	0
343.7	8.081	0
343.77	8.08	0
343.83	8.08	0
343.89	8.079	0
343.95	8.078	0
344.02	8.0785	0
344.08	8.0775	0
344.14	8.078	0
344.2	8.0765	0
344.27	8.0745	0
344.33	8.073	0
344.39	8.072	0
344.45	8.0715	0
344.52	8.0715	0
344.58	8.072	0
344.64	8.073	0
344.7	8.0715	0
344.77	8.071	0
344.83	8.069	0
344.89	8.0685	0
344.95	8.067	0
345.02	8.067	0
345.08	8.0665	0
345.14	8.066	0
345.2	8.0655	0
345.27	8.063	0
345.33	8.061	0
345.39	8.0605	0
345.45	8.0595	0
345.52	8.0595	0
345.58	8.0595	0
345.64	8.0595	0
345.7	8.0585	0
345.77	8.0575	0
345.83	8.057	0
345.89	8.0565	0
345.95	8.057	0
346.02	8.0555	0
346.08	8.0545	0
346.14	8.054	0
346.2	8.052	0
346.27	8.05	0
346.33	8.0495	0
346.39	8.0485	0
346.45	8.048	0
346.52	8.048	0
346.58	8.0485	0
346.64	8.0485	0
346.7	8.0475	0
346.77	8.0475	0
346.83	8.0465	0
346.89	8.045	0
346.95	8.046	0
347.02	8.0465	0
347.08	8.0455	0
347.14	8.0445	0
347.2	8.042	0
347.27	8.0405	0
347.33	8.039	0
347.39	8.0385	0
347.45	8.038	0
347.52	8.038	0
347.58	8.0375	0
347.64	8.037	0
347.7	8.0355	0
347.77	8.0345	0
347.83	8.0335	0
347.89	8.0325	0
347.95	8.0335	0
348.02	8.034	0
348.08	8.034	0
348.14	8.033	0
348.2	8.031	0
348.27	8.0295	0
348.33	8.028	0
348.39	8.026	0
348.45	8.0265	0
348.52	8.026	0
348.58	8.026	0
348.64	8.025	0
348.7	8.0235	0
348.77	8.023	0
348.83	8.0225	0
348.89	8.022	0
348.95	8.022	0
349.02	8.022	0
349.08	8.0225	0
349.14	8.021	0
349.2	8.019	0
349.27	8.0185	0
349.33	8.0165	0
349.39	8.016	0
349.45	8.0155	0
349.52	8.0155	0
349.58	8.0155	0
349.64	8.015	0
349.7	8.014	0
349.77	8.0125	0
349.83	8.012	0
349.89	8.0115	0
349.95	8.012	0
350.02	8.0125	0
350.08	8.0115	0
350.14	8.01	0
350.2	8.009	0
350.27	8.0075	0
350.33	8.0075	0
350.39	8.009	0
350.45	8.0105	0
350.52	8.012	0
350.58	8.014	0
350.64	8.0165	0
350.7	8.019	0
350.77	8.021	0
350.83	8.0245	0
350.89	8.0285	0
350.95	8.033	0
351.02	8.037	0
351.08	8.041	0
351.14	8.0445	0
351.2	8.046	0
351.27	8.0485	0
351.33	8.0515	0
351.39	8.0555	0
351.45	8.0595	0
351.52	8.065	0
351.58	8.068	0
351.64	8.0715	0
351.7	8.0735	0
351.77	8.076	0
351.83	8.0785	0
351.89	8.0825	0
351.95	8.085	0
352.02	8.0895	0
352.08	8.092	0
352.14	8.0925	0
352.2	8.0935	0
352.27	8.0935	0
352.33	8.0945	0
352.39	8.096	0
352.45	8.097	0
352.52	8.0985	0
352.58	8.099	0
352.64	8.0995	0
352.7	8.101	0
352.77	8.1015	0
352.83	8.102	0
352.89	8.103	0
352.95	8.1035	0
353.02	8.1035	0
353.08	8.1015	0
353.14	8.1005	0
353.2	8.099	0
353.27	8.098	0
353.33	8.097	0
353.39	8.0975	0
353.45	8.098	0
353.52	8.0965	0
353.58	8.097	0
353.64	8.0955	0
353.7	8.095	0
353.77	8.0935	0
353.83	8.093	0
353.89	8.094	0
353.95	8.0935	0
354.02	8.092	0
354.08	8.09	0
354.14	8.0875	0
354.2	8.0855	0
354.27	8.0835	0
354.33	8.0825	0
354.39	8.0815	0
354.45	8.0815	0
354.52	8.0815	0
354.58	8.082	0
354.64	8.081	0
354.7	8.082	0
354.77	8.0825	0
354.83	8.085	0
354.89	8.088	0
354.95	8.093	0
355.02	8.0975	0
355.08	8.102	0
355.14	8.1045	0
355.2	8.1095	0
355.27	8.114	0
355.33	8.1195	0
355.39	8.126	24
355.45	8.132	0
355.52	8.1385	0
355.58	8.144	0
355.64	8.1495	0
355.7	8.154	0
355.77	8.161	0
355.83	8.1665	0
355.89	8.172	0
355.95	8.177	0
356.02	8.182	0
356.08	8.1845	0
356.14	8.186	0
356.2	8.1875	0
356.27	8.189	0
356.33	8.1925	0
356.39	8.1955	0
356.45	8.1985	0
356.52	8.2005	0
356.58	8.202	0
356.64	8.2035	0
356.7	8.2045	0
356.77	8.206	0
356.83	8.209	0
356.89	8.211	0
356.95	8.213	0
357.02	8.2145	0
357.08	8.215	0
357.14	8.216	0
357.2	8.2185	0
357.27	8.2225	0
357.33	8.228	0
357.39	8.234	0
357.45	8.242	0
357.52	8.252	0
357.58	8.262	0
357.64	8.2735	0
357.7	8.287	0
357.77	8.303	0
357.83	8.3195	0
357.89	8.3345	0
357.95	8.3515	0
358.02	8.3705	0
358.08	8.389	0
358.14	8.406	0
358.2	8.4225	0
358.27	8.4385	0
358.33	8.456	0
358.39	8.4725	0
358.45	8.489	0
358.52	8.503	0
358.58	8.5155	0
358.64	8.526	0
358.7	8.536	0
358.77	8.543	0
358.83	8.5495	0
358.89	8.5555	0
358.95	8.558	0
359.02	8.5605	0
359.08	8.5605	0
359.14	8.5585	0
359.2	8.5555	0
359.27	8.556	0
359.33	8.557	0
359.39	8.557	0
359.45	8.5555	0
359.52	8.5535	0
359.58	8.5505	0
359.64	8.5465	0
359.7	8.5415	0
359.77	8.539	0
359.83	8.5365	0
359.89	8.5345	0
359.95	8.5325	0
360.02	8.528	0
360.08	8.5235	0
360.14	8.52	0
360.2	8.5155	0
360.27	8.513	0
360.33	8.5115	0
360.39	8.508	0
360.45	8.5035	0
360.52	8.4985	0
360.58	8.492	0
360.64	8.4875	0
360.7	8.483	0
360.77	8.4795	0
360.83	8.476	0
360.89	8.4715	0
360.95	8.4675	0
361.02	8.4615	0
361.08	8.456	0
361.14	8.45	0
361.2	8.4445	0
361.27	8.4385	0
361.33	8.4325	0
361.39	8.4275	0
361.45	8.42	0
361.52	8.4135	0
361.58	8.408	0
361.64	8.4025	0
361.7	8.3955	0
361.77	8.3915	0
361.83	8.3865	0
361.89	8.3815	0
361.95	8.3755	0
362.02	8.37	0
362.08	8.365	0
362.14	8.359	0
362.2	8.354	0
362.27	8.348	0
362.33	8.343	0
362.39	8.3385	0
362.45	8.334	0
362.52	8.3285	0
362.58	8.3225	0
362.64	8.317	0
362.7	8.3115	0
362.77	8.308	0
362.83	8.3035	0
362.89	8.2995	0
362.95	8.296	0
363.02	8.2915	0
363.08	8.286	0
363.14	8.2815	0
363.2	8.2745	0
363.27	8.2705	0
363.33	8.267	0
363.39	8.263	22
363.45	8.259	0
363.52	8.2545	0
363.58	8.25	0
363.64	8.2455	0
363.7	8.242	0
363.77	8.24	0
363.83	8.237	0
363.89	8.235	0
363.95	8.232	0
364.02	8.2285	0
364.08	8.225	0
364.14	8.2215	0
364.2	8.218	0
364.27	8.215	0
364.33	8.2115	0
364.39	8.209	0
364.45	8.207	0
364.52	8.2035	0
364.58	8.201	0
364.64	8.1975	0
364.7	8.195	0
364.77	8.1935	0
364.83	8.192	0
364.89	8.1905	0
364.95	8.189	0
365.02	8.1865	0
365.08	8.184	0
365.14	8.1815	0
365.2	8.1795	0
365.27	8.1775	0
365.33	8.1755	0
365.39	8.1735	0
365.45	8.1715	0
365.52	8.1685	0
365.58	8.1665	0
365.64	8.165	0
365.7	8.1635	0
365.77	8.1625	0
365.83	8.162	0
365.89	8.1615	0
365.95	8.1605	0
366.02	8.1595	0
366.08	8.159	0
366.14	8.1585	0
366.2	8.1585	0
366.27	8.159	0
366.33	8.1605	0
366.39	8.1615	0
366.45	8.162	0
366.52	8.1615	0
366.58	8.163	0
366.64	8.164	0
366.7	8.1655	0
366.77	8.168	0
366.83	8.17	0
366.89	8.1715	0
366.95	8.173	0
367.02	8.173	0
367.08	8.1725	0
367.14	8.1735	0
367.2	8.1745	0
367.27	8.176	0
367.33	8.177	0
367.39	8.178	21
367.45	8.178	0
367.52	8.1775	0
367.58	8.1775	0
367.64	8.178	0
367.7	8.18	0
367.77	8.18	0
367.83	8.181	0
367.89	8.181	0
367.95	8.181	0
368.02	8.18	0
368.08	8.1785	0
368.14	8.1775	0
368.2	8.1775	0
368.27	8.1775	0
368.33	8.177	0
368.39	8.177	0
368.45	8.1755	0
368.52	8.174	0
368.58	8.1725	0
368.64	8.172	0
368.7	8.171	0
368.77	8.1705	0
368.83	8.1715	0
368.89	8.1705	0
368.95	8.169	0
369.02	8.167	0
369.08	8.165	0
369.14	8.163	0
369.2	8.163	0
369.27	8.1615	0
369.33	8.16	0
369.39	8.1595	0
369.45	8.157	0
369.52	8.1565	0
369.58	8.155	0
369.64	8.154	0
369.7	8.1545	0
369.77	8.155	0
369.83	8.156	0
369.89	8.1555	0
369.95	8.156	0
370.02	8.156	0
370.08	8.1565	0
370.14	8.1565	0
370.2	8.1585	0
370.27	8.1605	0
370.33	8.1615	0
370.39	8.163	0
370.45	8.1635	0
370.52	8.1645	0
370.58	8.1665	0
370.64	8.168	0
370.7	8.17	0
370.77	8.1715	0
370.83	8.174	0
370.89	8.1755	0
370.95	8.1755	0
371.02	8.1745	0
371.08	8.1745	0
371.14	8.176	0
371.2	8.176	0
371.27	8.1775	0
371.33	8.178	0
371.39	8.1785	0
371.45	8.178	0
371.52	8.1785	0
371.58	8.178	0
371.64	8.178	0
371.7	8.1785	0
371.77	8.179	0
371.83	8.179	0
371.89	8.1785	0
371.95	8.176	0
372.02	8.175	0
372.08	8.173	0
372.14	8.173	0
372.2	8.1725	0
372.27	8.172	0
372.33	8.1715	0
372.39	8.1705	0
372.45	8.1675	0
372.52	8.167	0
372.58	8.165	0
372.64	8.165	0
372.7	8.164	0
372.77	8.164	0
372.83	8.163	0
372.89	8.162	0
372.95	8.1595	0
373.02	8.157	0
373.08	8.155	0
373.14	8.1535	0
373.2	8.1525	0
373.27	8.1515	0
373.33	8.1505	0
373.39	8.149	0
373.45	8.1475	0
373.52	8.145	0
373.58	8.1435	0
373.64	8.1435	0
373.7	8.143	0
373.77	8.142	0
373.83	8.142	0
373.89	8.14	0
373.95	8.138	0
374.02	8.1365	0
374.08	8.1345	0
374.14	8.132	0
374.2	8.1305	0
374.27	8.1295	0
374.33	8.129	0
374.39	8.126	0
374.45	8.1245	0
374.52	8.1215	0
374.58	8.1195	0
374.64	8.1185	0
374.7	8.1185	0
374.77	8.118	0
374.83	8.1175	0
374.89	8.1155	0
374.95	8.1145	0
375.02	8.1135	0
375.08	8.112	0
375.14	8.112	0
375.2	8.111	0
375.27	8.11	0
375.33	8.109	0
375.39	8.107	0
375.45	8.1055	0
375.52	8.104	0
375.58	8.102	0
375.64	8.101	0
375.7	8.102	0
375.77	8.1015	0
375.83	8.1015	0
375.89	8.101	0
375.95	8.1005	0
376.02	8.1005	0
376.08	8.0995	0
376.14	8.1	0
376.2	8.1005	0
376.27	8.1005	0
376.33	8.101	0
376.39	8.1015	0
376.45	8.101	0
376.52	8.102	0
376.58	8.104	0
376.64	8.105	0
376.7	8.1075	0
376.77	8.1095	0
376.83	8.111	0
376.89	8.1115	0
376.95	8.111	0
377.02	8.1105	0
377.08	8.109	0
377.14	8.1105	0
377.2	8.1105	0
377.27	8.111	0
377.33	8.1115	0
377.39	8.11	0
377.45	8.1095	0
377.52	8.1095	0
377.58	8.11	0
377.64	8.1095	0
377.7	8.1105	0
377.77	8.1105	0
377.83	8.111	0
377.89	8.1095	0
377.95	8.1085	0
378.02	8.1085	0
378.08	8.107	0
378.14	8.1065	0
378.2	8.1055	0
378.27	8.1055	0
378.33	8.105	0
378.39	8.1025	0
378.45	8.101	0
378.52	8.0995	0
378.58	8.0995	0
378.64	8.099	0
378.7	8.098	0
378.77	8.098	0
378.83	8.0975	0
378.89	8.097	0
378.95	8.0955	0
379.02	8.0935	0
379.08	8.094	0
379.14	8.0935	0
379.2	8.092	0
379.27	8.092	0
379.33	8.0905	0
379.39	8.088	0
379.45	8.0865	0
379.52	8.0855	0
379.58	8.0855	0
379.64	8.085	0
379.7	8.085	0
379.77	8.0855	0
379.83	8.084	0
379.89	8.0835	0
379.95	8.082	0
380.02	8.0815	0
380.08	8.0815	0
380.14	8.0805	0
380.2	8.0805	0
380.27	8.08	0
380.33	8.0785	0
380.39	8.077	0
380.45	8.0755	0
380.52	8.0745	0
380.58	8.0735	0
380.64	8.074	0
380.7	8.075	0
380.77	8.0735	0
380.83	8.073	0
380.89	8.072	0
380.95	8.0715	0
381.02	8.07	0
381.08	8.0695	0
381.14	8.0685	0
381.2	8.067	0
381.27	8.067	0
381.33	8.0645	0
381.39	8.064	0
381.45	8.0625	0
381.52	8.0615	0
381.58	8.0605	0
381.64	8.06	0
381.7	8.0595	0
381.77	8.0585	0
381.83	8.058	0
381.89	8.056	0
381.95	8.0545	0
382.02	8.0525	0
382.08	8.054	0
382.14	8.054	0
382.2	8.054	0
382.27	8.0535	0
382.33	8.0515	0
382.39	8.049	0
382.45	8.047	0
382.52	8.045	0
382.58	8.0445	0
382.64	8.0445	0
382.7	8.0445	0
382.77	8.044	0
382.83	8.042	0
382.89	8.041	0
382.95	8.0405	0
383.02	8.042	0
383.08	8.0415	0
383.14	8.041	0
383.2	8.041	0
383.27	8.0395	0
383.33	8.0365	0
383.39	8.0355	23
383.45	8.034	0
383.52	8.034	0
383.58	8.033	0
383.64	8.033	0
383.7	8.0325	0
383.77	8.032	0
383.83	8.0315	0
383.89	8.031	0
383.95	8.029	0
384.02	8.0285	0
384.08	8.0285	0
384.14	8.0275	0
384.2	8.028	0
384.27	8.0275	0
384.33	8.0275	0
384.39	8.0275	0
384.45	8.0285	0
384.52	8.0315	0
384.58	8.0365	0
384.64	8.0425	0
384.7	8.049	0
384.77	8.057	0
384.83	8.066	0
384.89	8.075	0
384.95	8.0855	0
385.02	8.0985	0
385.08	8.1135	0
385.14	8.13	0
385.2	8.146	0
385.27	8.163	0
385.33	8.1805	0
385.39	8.1975	0
385.45	8.216	0
385.52	8.2345	0
385.58	8.2545	0
385.64	8.275	0
385.7	8.2945	0
385.77	8.313	0
385.83	8.3305	0
385.89	8.3475	0
385.95	8.364	0
386.02	8.378	0
386.08	8.392	0
386.14	8.405	0
386.2	8.4175	0
386.27	8.427	0
386.33	8.4355	0
386.39	8.4435	0
386.45	8.45	0
386.52	8.4575	0
386.58	8.4625	0
386.64	8.4685	0
386.7	8.473	0
386.77	8.476	0
386.83	8.4805	0
386.89	8.484	0
386.95	8.485	0
387.02	8.487	0
387.08	8.4885	0
387.14	8.489	0
387.2	8.4885	0
387.27	8.487	0
387.33	8.485	0
387.39	8.484	0
387.45	8.4825	0
387.52	8.48	0
387.58	8.478	0
387.64	8.4745	0
387.7	8.471	0
387.77	8.467	0
387.83	8.4625	0
387.89	8.458	0
387.95	8.453	0
388.02	8.45	0
388.08	8.4455	0
388.14	8.441	0
388.2	8.435	0
388.27	8.429	0
388.33	8.423	0
388.39	8.4165	0
388.45	8.411	0
388.52	8.406	0
388.58	8.401	0
388.64	8.396	0
388.7	8.3905	0
388.77	8.3845	0
388.83	8.379	0
388.89	8.3725	0
388.95	8.367	0
389.02	8.362	0
389.08	8.3565	0
389.14	8.352	0
389.2	8.347	0
389.27	8.34	0
389.33	8.3335	0
389.39	8.3285	0
389.45	8.3225	0
389.52	8.3175	0
389.58	8.3125	0
389.64	8.308	0
389.7	8.303	0
389.77	8.2975	0
389.83	8.292	0
389.89	8.2865	0
389.95	8.281	0
390.02	8.2775	0
390.08	8.2725	0
390.14	8.2675	0
390.2	8.262	0
390.27	8.2555	0
390.33	8.2505	0
390.39	8.2445	0
390.45	8.2395	0
390.52	8.235	0
390.58	8.23	0
390.64	8.226	0
390.7	8.221	0
390.77	8.215	0
390.83	8.2105	0
390.89	8.2065	0
390.95	8.2025	0
391.02	8.199	0
391.08	8.197	0
391.14	8.1945	0
391.2	8.192	0
391.27	8.188	0
391.33	8.185	0
391.39	8.181	0
391.45	8.179	0
391.52	8.177	0
391.58	8.1745	0
391.64	8.1715	0
391.7	8.168	0
391.77	8.164	0
391.83	8.1615	0
391.89	8.158	0
391.95	8.156	0
392.02	8.1545	0
392.08	8.151	0
392.14	8.149	0
392.2	8.1475	0
392.27	8.1435	0
392.33	8.1415	0
392.39	8.1395	0
392.45	8.137	0
392.52	8.135	0
392.58	8.133	0
392.64	8.131	0
392.7	8.129	0
392.77	8.1265	0
392.83	8.1235	0
392.89	8.122	0
392.95	8.1205	0
393.02	8.1195	0
393.08	8.119	0
393.14	8.1165	0
393.2	8.1145	0
393.27	8.1125	0
393.33	8.11	0
393.39	8.108	0
393.45	8.106	0
393.52	8.1055	0
393.58	8.105	0
393.64	8.104	0
393.7	8.102	0
393.77	8.1	0
393.83	8.098	0
393.89	8.0945	0
393.95	8.0935	0
394.02	8.093	0
394.08	8.092	0
394.14	8.0905	0
394.2	8.089	0
394.27	8.0875	0
394.33	8.0845	0
394.39	8.084	0
394.45	8.0835	0
394.52	8.082	0
394.58	8.082	0
394.64	8.08	0
394.7	8.0785	0
394.77	8.0755	0
394.83	8.0745	0
394.89	8.073	0
394.95	8.0715	0
395.02	8.071	0
395.08	8.069	0
395.14	8.068	0
395.2	8.0665	0
395.27	8.065	0
395.33	8.0645	0
395.39	8.0625	0
395.45	8.0625	0
395.52	8.0625	0
395.58	8.062	0
395.64	8.061	0
395.7	8.0585	0
395.77	8.0575	0
395.83	8.0565	0
395.89	8.056	0
395.95	8.0565	0
396.02	8.0565	0
396.08	8.0555	0
396.14	8.0545	0
396.2	8.054	0
396.27	8.053	0
396.33	8.052	0
396.39	8.0515	0
396.45	8.052	0
396.52	8.0525	0
396.58	8.0535	0
396.64	8.054	0
396.7	8.053	0
396.77	8.0535	0
396.83	8.054	0
396.89	8.0545	0
396.95	8.055	0
397.02	8.0555	0
397.08	8.0575	0
397.14	8.0575	0
397.2	8.0575	0
397.27	8.0575	0
397.33	8.058	0
397.39	8.0585	0
397.45	8.0595	0
397.52	8.059	0
397.58	8.06	0
397.64	8.059	0
397.7	8.058	0
397.77	8.0575	0
397.83	8.057	0
397.89	8.0575	0
397.95	8.058	0
398.02	8.0575	0
398.08	8.0585	0
398.14	8.0585	0
398.2	8.058	0
398.27	8.059	0
398.33	8.059	0
398.39	8.06	0
398.45	8.062	0
398.52	8.0645	0
398.58	8.067	0
398.64	8.0685	0
398.7	8.0705	0
398.77	8.0725	0
398.83	8.0745	0
398.89	8.078	0
398.95	8.0815	0
399.02	8.0845	0
399.08	8.0875	0
399.14	8.09	0
399.2	8.092	0
399.27	8.0945	0
399.33	8.0955	0
399.39	8.098	0
399.45	8.0995	0
399.52	8.102	0
399.58	8.104	0
399.64	8.104	0
399.7	8.105	0
399.77	8.105	0
399.83	8.105	0
399.89	8.106	0
